00,,BD5920,B6374,B6374,2,0,113.851662,22.705393,0.000000,14-3-1 16:13:18,1393661598000,9.000000,197.000000,9.000000,0.000000,2,1,1,23.0
00,,BD5920,B6374,B6374,2,0,113.852058,22.706800,0.000000,14-3-1 16:22:58,1393662178000,19.000000,16.000000,19.000000,0.000000,2,0,1,149.0
00,,BD5920,B6374,B6374,2,0,113.852272,22.707304,0.000000,14-3-1 16:23:8,1393662188000,15.000000,20.000000,15.000000,0.000000,2,0,1,208.0
00,,BD5920,B6374,B6374,2,0,113.852585,22.707716,0.000000,14-3-1 16:23:18,1393662198000,25.000000,44.000000,25.000000,0.000000,2,0,1,260.0
00,,BD5920,B6374,B6374,2,0,113.853058,22.708273,0.000000,14-3-1 16:23:28,1393662208000,28.000000,47.000000,28.000000,0.000000,2,0,1,335.0
00,,BD5920,B6374,B6374,2,0,113.853226,22.708582,0.000000,14-3-1 16:23:33,1393662213000,27.000000,11.000000,27.000000,0.000000,2,0,1,373.0
00,,BD5920,B6374,B6374,2,0,113.853271,22.709295,0.000000,14-3-1 16:23:43,1393662223000,29.000000,351.000000,29.000000,0.000000,2,0,1,449.0
00,,BD5920,B6374,B6374,2,0,113.852936,22.709940,0.000000,14-3-1 16:23:53,1393662233000,26.000000,297.000000,26.000000,0.000000,2,0,1,509.0
02,,BD5920,B6374,B6374,2,0,113.852135,22.710152,0.000000,14-3-1 16:24:3,1393662243000,29.000000,281.000000,29.000000,0.000000,ESJ0721,14-3-1 16:24:3,1393662243000,ESJ0048,2,0,1,522.0
00,,BD5920,B6374,B6374,2,0,113.850975,22.710512,0.000000,14-3-1 16:24:28,1393662268000,15.000000,11.000000,15.000000,0.000000,2,0,2,466.0
00,,BD5920,B6374,B6374,2,0,113.851151,22.711092,0.000000,14-3-1 16:24:38,1393662278000,22.000000,16.000000,22.000000,0.000000,2,0,2,405.0
00,,BD5920,B6374,B6374,2,0,113.851372,22.711784,0.000000,14-3-1 16:24:48,1393662288000,28.000000,17.000000,28.000000,0.000000,2,0,2,337.0
00,,BD5920,B6374,B6374,2,0,113.851677,22.712292,0.000000,14-3-1 16:24:58,1393662298000,18.000000,24.000000,18.000000,0.000000,2,0,2,298.0
00,,BD5920,B6374,B6374,2,0,113.851662,22.712847,0.000000,14-3-1 16:25:28,1393662328000,19.000000,308.000000,19.000000,0.000000,2,0,2,245.0
00,,BD5920,B6374,B6374,2,0,113.851151,22.713236,0.000000,14-3-1 16:25:38,1393662338000,26.000000,314.000000,26.000000,0.000000,2,0,2,180.0
00,,BD5920,B6374,B6374,2,0,113.850662,22.713655,0.000000,14-3-1 16:25:48,1393662348000,25.000000,310.000000,25.000000,0.000000,2,0,2,117.0
01,,BD5920,B6374,B6374,2,0,113.850311,22.714031,0.000000,14-3-1 16:25:58,1393662358000,19.000000,319.000000,19.000000,0.000000,ESJ0048,14-3-1 16:25:58,1393662358000,ESJ0041,2,0,2,68.0
00,,BD5920,B6374,B6374,2,0,113.850311,22.714708,0.000000,14-3-1 16:26:18,1393662378000,20.000000,23.000000,20.000000,0.000000,2,2,2,7.0
02,,BD5920,B6374,B6374,2,0,113.850410,22.715036,0.000000,14-3-1 16:26:38,1393662398000,11.000000,23.000000,11.000000,0.000000,ESJ0048,14-3-1 16:26:38,1393662398000,ESJ0041,2,0,2,45.0
01,,BD5920,B6374,B6374,2,0,113.850502,22.715532,0.000000,14-3-1 16:27:18,1393662438000,15.000000,8.000000,15.000000,0.000000,ESJ0041,14-3-1 16:27:18,1393662438000,ESG0612,2,0,2,101.0
00,,BD5920,B6374,B6374,2,0,113.850098,22.716284,0.000000,14-3-1 16:28:3,1393662483000,20.000000,290.000000,20.000000,0.000000,2,3,3,24.0
02,,BD5920,B6374,B6374,2,0,113.849434,22.716499,0.000000,14-3-1 16:28:13,1393662493000,26.000000,291.000000,26.000000,0.000000,ESJ0041,14-3-1 16:28:13,1393662493000,ESG0612,2,0,3,49.0
00,,BD5920,B6374,B6374,2,0,113.848099,22.716980,0.000000,14-3-1 16:28:33,1393662513000,23.000000,292.000000,23.000000,0.000000,2,0,3,196.0
00,,BD5920,B6374,B6374,2,0,113.847549,22.717155,0.000000,14-3-1 16:28:43,1393662523000,20.000000,291.000000,20.000000,0.000000,2,0,3,256.0
00,,BD5920,B6374,B6374,2,0,113.847008,22.717333,0.000000,14-3-1 16:28:53,1393662533000,22.000000,291.000000,22.000000,0.000000,2,0,3,315.0
00,,BD5920,B6374,B6374,2,0,113.846573,22.717592,0.000000,14-3-1 16:29:3,1393662543000,20.000000,305.000000,20.000000,0.000000,2,0,3,367.0
00,,BD5920,B6374,B6374,2,0,113.846191,22.717867,0.000000,14-3-1 16:29:13,1393662553000,16.000000,309.000000,16.000000,0.000000,2,0,3,415.0
00,,BD5920,B6374,B6374,2,0,113.845787,22.718132,0.000000,14-3-1 16:29:23,1393662563000,24.000000,289.000000,24.000000,0.000000,2,0,4,389.0
00,,BD5920,B6374,B6374,2,0,113.845245,22.718515,0.000000,14-3-1 16:29:33,1393662573000,26.000000,310.000000,26.000000,0.000000,2,0,4,320.0
00,,BD5920,B6374,B6374,2,0,113.844559,22.718927,0.000000,14-3-1 16:29:43,1393662583000,27.000000,298.000000,27.000000,0.000000,2,0,4,236.0
00,,BD5920,B6374,B6374,2,0,113.844147,22.719349,0.000000,14-3-1 16:29:53,1393662593000,16.000000,309.000000,16.000000,0.000000,2,0,4,180.0
00,,BD5920,B6374,B6374,2,0,113.843796,22.719587,0.000000,14-3-1 16:30:3,1393662603000,19.000000,299.000000,19.000000,0.000000,2,0,4,138.0
01,,BD5920,B6374,B6374,2,0,113.843292,22.719702,0.000000,14-3-1 16:30:13,1393662613000,20.000000,279.000000,20.000000,0.000000,ESG0612,14-3-1 16:30:13,1393662613000,ESJ0044,2,0,4,85.0
02,,BD5920,B6374,B6374,2,0,113.842323,22.719906,0.000000,14-3-1 16:30:33,1393662633000,18.000000,296.000000,18.000000,0.000000,ESG0612,14-3-1 16:30:33,1393662633000,ESJ0044,2,4,4,18.0
00,,BD5920,B6374,B6374,2,0,113.841171,22.719952,0.000000,14-3-1 16:30:58,1393662658000,17.000000,282.000000,17.000000,0.000000,2,0,4,134.0
00,,BD5920,B6374,B6374,2,0,113.840752,22.719986,0.000000,14-3-1 16:31:8,1393662668000,18.000000,271.000000,18.000000,0.000000,2,0,5,143.0
00,,BD5920,B6374,B6374,2,0,113.840317,22.720104,0.000000,14-3-1 16:31:18,1393662678000,13.000000,281.000000,13.000000,0.000000,2,0,5,98.0
01,,BD5920,B6374,B6374,2,0,113.839951,22.720146,0.000000,14-3-1 16:31:28,1393662688000,12.000000,286.000000,12.000000,0.000000,ESJ0044,14-3-1 16:31:28,1393662688000,ESJ0510,2,0,5,60.0
02,,BD5920,B6374,B6374,2,0,113.838936,22.720387,0.000000,14-3-1 16:32:8,1393662728000,11.000000,274.000000,11.000000,0.000000,ESJ0044,14-3-1 16:32:8,1393662728000,ESJ0510,2,5,5,51.0
00,,BD5920,B6374,B6374,2,0,113.838097,22.720787,0.000000,14-3-1 16:32:28,1393662748000,22.000000,310.000000,22.000000,0.000000,2,0,6,97.0
01,,BD5920,B6374,B6374,2,0,113.837715,22.721172,0.000000,14-3-1 16:32:38,1393662758000,13.000000,309.000000,13.000000,0.000000,ESJ0510,14-3-1 16:32:38,1393662758000,ESJ0511,2,6,6,40.0
02,,BD5920,B6374,B6374,2,0,113.836830,22.721891,0.000000,14-3-1 16:33:18,1393662798000,20.000000,320.000000,20.000000,0.000000,ESJ0510,14-3-1 16:33:18,1393662798000,ESJ0511,2,0,6,83.0
01,,BD5920,B6374,B6374,2,0,113.836151,22.722485,0.000000,14-3-1 16:33:38,1393662818000,20.000000,316.000000,20.000000,0.000000,ESJ0511,14-3-1 16:33:38,1393662818000,ESJ0556,2,0,7,90.0
02,,BD5920,B6374,B6374,2,0,113.835175,22.723717,0.000000,14-3-1 16:34:38,1393662878000,13.000000,19.000000,13.000000,0.000000,ESJ0511,14-3-1 16:34:38,1393662878000,ESJ0556,2,7,7,80.0
00,,BD5920,B6374,B6374,2,0,113.835648,22.724819,0.000000,14-3-1 16:34:58,1393662898000,28.000000,21.000000,28.000000,0.000000,2,0,8,108.0
01,,BD5920,B6374,B6374,2,0,113.835854,22.725460,0.000000,14-3-1 16:35:8,1393662908000,23.000000,16.000000,23.000000,0.000000,ESJ0556,14-3-1 16:35:8,1393662908000,ESJ0211,2,8,8,34.0
02,,BD5920,B6374,B6374,2,0,113.836174,22.726164,0.000000,14-3-1 16:35:28,1393662928000,21.000000,23.000000,21.000000,0.000000,ESJ0556,14-3-1 16:35:28,1393662928000,ESJ0211,2,0,8,51.0
00,,BD5920,B6374,B6374,2,0,113.837547,22.727901,0.000000,14-3-1 16:36:13,1393662973000,23.000000,190.000000,23.000000,0.000000,2,0,8,288.0
00,,BD5920,B6374,B6374,2,0,113.837387,22.727701,0.000000,14-3-1 16:36:18,1393662978000,17.000000,238.000000,17.000000,0.000000,2,0,8,261.0
00,,BD5920,B6374,B6374,2,0,113.836685,22.727781,0.000000,14-3-1 16:36:33,1393662993000,24.000000,286.000000,24.000000,0.000000,2,0,8,238.0
00,,BD5920,B6374,B6374,2,0,113.836014,22.728025,0.000000,14-3-1 16:36:43,1393663003000,21.000000,293.000000,21.000000,0.000000,2,0,9,178.0
00,,BD5920,B6374,B6374,2,0,113.835602,22.728285,0.000000,14-3-1 16:36:53,1393663013000,17.000000,320.000000,17.000000,0.000000,2,0,9,128.0
00,,BD5920,B6374,B6374,2,0,113.835213,22.728725,0.000000,14-3-1 16:37:3,1393663023000,24.000000,318.000000,24.000000,0.000000,2,0,9,65.0
01,,BD5920,B6374,B6374,2,0,113.834686,22.729300,0.000000,14-3-1 16:37:33,1393663053000,20.000000,312.000000,20.000000,0.000000,ESJ0211,14-3-1 16:37:33,1393663053000,ESJ0210,2,9,9,19.0
02,,BD5920,B6374,B6374,2,0,113.834152,22.729748,0.000000,14-3-1 16:37:43,1393663063000,27.000000,315.000000,27.000000,0.000000,ESJ0211,14-3-1 16:37:43,1393663063000,ESJ0210,2,0,9,93.0
00,,BD5920,B6374,B6374,2,0,113.833199,22.730762,0.000000,14-3-1 16:38:3,1393663083000,23.000000,309.000000,23.000000,0.000000,2,0,9,242.0
00,,BD5920,B6374,B6374,2,0,113.832848,22.730961,0.000000,14-3-1 16:38:13,1393663093000,12.000000,297.000000,12.000000,0.000000,2,0,10,248.0
00,,BD5920,B6374,B6374,2,0,113.832352,22.731216,0.000000,14-3-1 16:38:23,1393663103000,22.000000,299.000000,22.000000,0.000000,2,0,10,189.0
00,,BD5920,B6374,B6374,2,0,113.832176,22.731428,0.000000,14-3-1 16:38:28,1393663108000,19.000000,331.000000,19.000000,0.000000,2,0,10,162.0
00,,BD5920,B6374,B6374,2,0,113.831673,22.731833,0.000000,14-3-1 16:38:38,1393663118000,26.000000,304.000000,26.000000,0.000000,2,0,10,95.0
01,,BD5920,B6374,B6374,2,0,113.831139,22.732176,0.000000,14-3-1 16:38:48,1393663128000,18.000000,302.000000,18.000000,0.000000,ESJ0210,14-3-1 16:38:48,1393663128000,ESJ0218,2,10,10,33.0
00,,BD5920,B6374,B6374,2,0,113.830475,22.732365,0.000000,14-3-1 16:39:8,1393663148000,20.000000,291.000000,20.000000,0.000000,2,0,10,42.0
02,,BD5920,B6374,B6374,2,0,113.829727,22.732246,0.000000,14-3-1 16:39:18,1393663158000,25.000000,260.000000,25.000000,0.000000,ESJ0210,14-3-1 16:39:18,1393663158000,ESJ0218,2,0,10,112.0
00,,BD5920,B6374,B6374,2,0,113.828430,22.731833,0.000000,14-3-1 16:39:38,1393663178000,24.000000,247.000000,24.000000,0.000000,2,0,10,247.0
00,,BD5920,B6374,B6374,2,0,113.827911,22.731682,0.000000,14-3-1 16:39:48,1393663188000,17.000000,245.000000,17.000000,0.000000,2,0,11,200.0
00,,BD5920,B6374,B6374,2,0,113.827309,22.731497,0.000000,14-3-1 16:39:58,1393663198000,24.000000,258.000000,24.000000,0.000000,2,0,11,135.0
01,,BD5920,B6374,B6374,2,0,113.826675,22.731421,0.000000,14-3-1 16:40:8,1393663208000,26.000000,255.000000,26.000000,0.000000,ESJ0218,14-3-1 16:40:8,1393663208000,ESJ0181,2,0,11,75.0
00,,BD5920,B6374,B6374,2,0,113.825874,22.731007,0.000000,14-3-1 16:40:58,1393663258000,19.000000,256.000000,19.000000,0.000000,2,11,11,25.0
02,,BD5920,B6374,B6374,2,0,113.825249,22.730816,0.000000,14-3-1 16:41:8,1393663268000,23.000000,250.000000,23.000000,0.000000,ESJ0218,14-3-1 16:41:8,1393663268000,ESJ0181,2,0,11,91.0
00,,BD5920,B6374,B6374,2,0,113.824127,22.730276,0.000000,14-3-1 16:45:8,1393663508000,18.000000,224.000000,18.000000,0.000000,2,0,11,219.0
00,,BD5920,B6374,B6374,2,0,113.823975,22.729893,0.000000,14-3-1 16:45:18,1393663518000,24.000000,178.000000,24.000000,0.000000,2,0,12,223.0
00,,BD5920,B6374,B6374,2,0,113.823936,22.729225,0.000000,14-3-1 16:45:28,1393663528000,29.000000,179.000000,29.000000,0.000000,2,0,12,149.0
01,,BD5920,B6374,B6374,2,0,113.823898,22.728462,0.000000,14-3-1 16:45:38,1393663538000,29.000000,182.000000,29.000000,0.000000,ESJ0181,14-3-1 16:45:38,1393663538000,ESJ0131,2,0,12,64.0
00,,BD5920,B6374,B6374,2,0,113.823814,22.727463,0.000000,14-3-1 16:45:58,1393663558000,23.000000,183.000000,23.000000,0.000000,2,12,12,48.0
02,,BD5920,B6374,B6374,2,0,113.823830,22.726900,0.000000,14-3-1 16:46:8,1393663568000,25.000000,179.000000,25.000000,0.000000,ESJ0181,14-3-1 16:46:8,1393663568000,ESJ0131,2,0,12,110.0
00,,BD5920,B6374,B6374,2,0,113.823814,22.725515,0.000000,14-3-1 16:46:28,1393663588000,26.000000,181.000000,26.000000,0.000000,2,0,13,215.0
00,,BD5920,B6374,B6374,2,0,113.827423,22.718176,0.000000,14-3-1 16:54:25,1393664065000,29.000000,180.000000,29.000000,0.000000,2,0,14,451.0
00,,BD5920,B6374,B6374,2,0,113.827332,22.717531,0.000000,14-3-1 16:54:35,1393664075000,23.000000,193.000000,23.000000,0.000000,2,0,14,396.0
00,,BD5920,B6374,B6374,2,0,113.827362,22.717176,0.000000,14-3-1 16:54:44,1393664084000,12.000000,137.000000,12.000000,0.000000,2,0,14,363.0
00,,BD5920,B6374,B6374,2,0,113.828064,22.717112,0.000000,14-3-1 16:54:58,1393664098000,20.000000,96.000000,20.000000,0.000000,2,0,14,315.0
