00,,BD5920,B6374,B6374,2,0,113.853134,22.708416,0.000000,14-3-1 11:16:29,1393643789000,27.000000,35.000000,27.000000,0.000000,2,0,1,352.0
00,,BD5920,B6374,B6374,2,0,113.853325,22.709051,0.000000,14-3-1 11:16:39,1393643799000,28.000000,5.000000,28.000000,0.000000,2,0,1,425.0
00,,BD5920,B6374,B6374,2,0,113.853195,22.709791,0.000000,14-3-1 11:16:49,1393643809000,31.000000,343.000000,31.000000,0.000000,2,0,1,500.0
02,,BD5920,B6374,B6374,2,0,113.852882,22.710026,0.000000,14-3-1 11:16:54,1393643814000,29.000000,289.000000,29.000000,0.000000,ESJ0721,14-3-1 11:16:54,1393643814000,ESJ0048,2,0,1,517.0
00,,BD5920,B6374,B6374,2,0,113.851273,22.710400,0.000000,14-3-1 11:17:14,1393643834000,30.000000,285.000000,30.000000,0.000000,2,0,2,483.0
00,,BD5920,B6374,B6374,2,0,113.851013,22.710562,0.000000,14-3-1 11:17:24,1393643844000,11.000000,12.000000,11.000000,0.000000,2,0,2,461.0
00,,BD5920,B6374,B6374,2,0,113.851135,22.711002,0.000000,14-3-1 11:17:34,1393643854000,16.000000,15.000000,16.000000,0.000000,2,0,2,415.0
00,,BD5920,B6374,B6374,2,0,113.851234,22.711355,0.000000,14-3-1 11:17:44,1393643864000,16.000000,13.000000,16.000000,0.000000,2,0,2,379.0
00,,BD5920,B6374,B6374,2,0,113.851433,22.711847,0.000000,14-3-1 11:17:54,1393643874000,22.000000,23.000000,22.000000,0.000000,2,0,2,333.0
00,,BD5920,B6374,B6374,2,0,113.851707,22.712362,0.000000,14-3-1 11:18:4,1393643884000,21.000000,21.000000,21.000000,0.000000,2,0,2,293.0
00,,BD5920,B6374,B6374,2,0,113.851761,22.712849,0.000000,14-3-1 11:18:14,1393643894000,20.000000,328.000000,20.000000,0.000000,2,0,2,251.0
00,,BD5920,B6374,B6374,2,0,113.851288,22.713236,0.000000,14-3-1 11:18:24,1393643904000,21.000000,308.000000,21.000000,0.000000,2,0,2,187.0
00,,BD5920,B6374,B6374,2,0,113.850815,22.713615,0.000000,14-3-1 11:18:34,1393643914000,19.000000,306.000000,19.000000,0.000000,2,0,2,127.0
00,,BD5920,B6374,B6374,2,0,113.850525,22.713907,0.000000,14-3-1 11:18:44,1393643924000,13.000000,317.000000,13.000000,0.000000,2,0,2,86.0
01,,BD5920,B6374,B6374,2,0,113.850235,22.714205,0.000000,14-3-1 11:18:54,1393643934000,11.000000,319.000000,11.000000,0.000000,ESJ0048,14-3-1 11:18:54,1393643934000,ESJ0041,2,0,2,49.0
00,,BD5920,B6374,B6374,2,0,113.850311,22.714924,0.000000,14-3-1 11:19:19,1393643959000,20.000000,19.000000,20.000000,0.000000,2,2,2,31.0
01,,BD5920,B6374,B6374,2,0,113.850525,22.715588,0.000000,14-3-1 11:19:49,1393643989000,18.000000,22.000000,18.000000,0.000000,ESJ0041,14-3-1 11:19:49,1393643989000,ESG0612,2,0,3,106.0
02,,BD5920,B6374,B6374,2,0,113.850525,22.715588,0.000000,14-3-1 11:19:49,1393643989000,18.000000,22.000000,18.000000,0.000000,ESJ0048,14-3-1 11:19:49,1393643989000,ESJ0041,2,0,3,106.0
02,,BD5920,B6374,B6374,2,0,113.849670,22.716412,0.000000,14-3-1 11:20:34,1393644034000,24.000000,289.000000,24.000000,0.000000,ESJ0041,14-3-1 11:20:34,1393644034000,ESG0612,2,3,3,23.0
00,,BD5920,B6374,B6374,2,0,113.848175,22.716955,0.000000,14-3-1 11:20:54,1393644054000,29.000000,291.000000,29.000000,0.000000,2,0,3,188.0
00,,BD5920,B6374,B6374,2,0,113.847496,22.717184,0.000000,14-3-1 11:21:4,1393644064000,26.000000,289.000000,26.000000,0.000000,2,0,3,262.0
00,,BD5920,B6374,B6374,2,0,113.846825,22.717476,0.000000,14-3-1 11:21:14,1393644074000,28.000000,295.000000,28.000000,0.000000,2,0,3,338.0
00,,BD5920,B6374,B6374,2,0,113.846252,22.717867,0.000000,14-3-1 11:21:24,1393644084000,24.000000,307.000000,24.000000,0.000000,2,0,3,409.0
00,,BD5920,B6374,B6374,2,0,113.845711,22.718227,0.000000,14-3-1 11:21:34,1393644094000,20.000000,302.000000,20.000000,0.000000,2,0,4,377.0
00,,BD5920,B6374,B6374,2,0,113.845345,22.718475,0.000000,14-3-1 11:21:44,1393644104000,17.000000,305.000000,17.000000,0.000000,2,0,4,331.0
00,,BD5920,B6374,B6374,2,0,113.844872,22.718864,0.000000,14-3-1 11:21:54,1393644114000,26.000000,311.000000,26.000000,0.000000,2,0,4,268.0
00,,BD5920,B6374,B6374,2,0,113.844170,22.719433,0.000000,14-3-1 11:23:4,1393644184000,15.000000,310.000000,15.000000,0.000000,2,0,4,179.0
00,,BD5920,B6374,B6374,2,0,113.843819,22.719664,0.000000,14-3-1 11:23:14,1393644194000,19.000000,312.000000,19.000000,0.000000,2,0,4,139.0
01,,BD5920,B6374,B6374,2,0,113.843437,22.719746,0.000000,14-3-1 11:23:24,1393644204000,15.000000,284.000000,15.000000,0.000000,ESG0612,14-3-1 11:23:24,1393644204000,ESJ0044,2,0,4,99.0
02,,BD5920,B6374,B6374,2,0,113.842262,22.719908,0.000000,14-3-1 11:23:44,1393644224000,23.000000,270.000000,23.000000,0.000000,ESG0612,14-3-1 11:23:44,1393644224000,ESJ0044,2,4,4,24.0
00,,BD5920,B6374,B6374,2,0,113.840462,22.720001,0.000000,14-3-1 11:24:14,1393644254000,21.000000,278.000000,21.000000,0.000000,2,0,5,114.0
01,,BD5920,B6374,B6374,2,0,113.839844,22.720104,0.000000,14-3-1 11:24:24,1393644264000,20.000000,270.000000,20.000000,0.000000,ESJ0044,14-3-1 11:24:24,1393644264000,ESJ0510,2,5,5,49.0
02,,BD5920,B6374,B6374,2,0,113.838371,22.720455,0.000000,14-3-1 11:24:54,1393644294000,22.000000,286.000000,22.000000,0.000000,ESJ0044,14-3-1 11:24:54,1393644294000,ESJ0510,2,0,5,108.0
01,,BD5920,B6374,B6374,2,0,113.837601,22.721220,0.000000,14-3-1 11:25:9,1393644309000,22.000000,316.000000,22.000000,0.000000,ESJ0510,14-3-1 11:25:9,1393644309000,ESJ0511,2,6,6,27.0
02,,BD5920,B6374,B6374,2,0,113.837013,22.721823,0.000000,14-3-1 11:25:29,1393644329000,19.000000,313.000000,19.000000,0.000000,ESJ0510,14-3-1 11:25:29,1393644329000,ESJ0511,2,0,6,65.0
01,,BD5920,B6374,B6374,2,0,113.836136,22.722721,0.000000,14-3-1 11:25:49,1393644349000,21.000000,319.000000,21.000000,0.000000,ESJ0511,14-3-1 11:25:49,1393644349000,ESJ0556,2,0,7,71.0
02,,BD5920,B6374,B6374,2,0,113.835236,22.723652,0.000000,14-3-1 11:26:19,1393644379000,16.000000,310.000000,16.000000,0.000000,ESJ0511,14-3-1 11:26:19,1393644379000,ESJ0556,2,7,7,70.0
00,,BD5920,B6374,B6374,2,0,113.835411,22.724293,0.000000,14-3-1 11:26:39,1393644399000,24.000000,19.000000,24.000000,0.000000,2,0,7,132.0
00,,BD5920,B6374,B6374,2,0,113.835701,22.724989,0.000000,14-3-1 11:26:49,1393644409000,31.000000,23.000000,31.000000,0.000000,2,0,8,89.0
01,,BD5920,B6374,B6374,2,0,113.835999,22.725679,0.000000,14-3-1 11:26:59,1393644419000,23.000000,20.000000,23.000000,0.000000,ESJ0556,14-3-1 11:26:59,1393644419000,ESJ0211,2,8,8,6.0
02,,BD5920,B6374,B6374,2,0,113.836235,22.726192,0.000000,14-3-1 11:27:19,1393644439000,27.000000,18.000000,27.000000,0.000000,ESJ0556,14-3-1 11:27:19,1393644439000,ESJ0211,2,0,8,56.0
00,,BD5920,B6374,B6374,2,0,113.836853,22.727804,0.000000,14-3-1 11:27:39,1393644459000,35.000000,20.000000,35.000000,0.000000,2,0,8,246.0
00,,BD5920,B6374,B6374,2,0,113.837288,22.728325,0.000000,14-3-1 11:27:49,1393644469000,30.000000,101.000000,30.000000,0.000000,2,0,9,273.0
00,,BD5920,B6374,B6374,2,0,113.837570,22.728096,0.000000,14-3-1 11:27:54,1393644474000,28.000000,164.000000,28.000000,0.000000,2,0,8,308.0
00,,BD5920,B6374,B6374,2,0,113.837173,22.727673,0.000000,14-3-1 11:28:4,1393644484000,18.000000,286.000000,18.000000,0.000000,2,0,8,247.0
00,,BD5920,B6374,B6374,2,0,113.836113,22.728041,0.000000,14-3-1 11:28:24,1393644504000,17.000000,296.000000,17.000000,0.000000,2,0,9,184.0
00,,BD5920,B6374,B6374,2,0,113.835869,22.728186,0.000000,14-3-1 11:28:34,1393644514000,16.000000,304.000000,16.000000,0.000000,2,0,9,155.0
00,,BD5920,B6374,B6374,2,0,113.835487,22.728500,0.000000,14-3-1 11:28:44,1393644524000,25.000000,317.000000,25.000000,0.000000,2,0,9,102.0
01,,BD5920,B6374,B6374,2,0,113.835022,22.728985,0.000000,14-3-1 11:28:54,1393644534000,19.000000,319.000000,19.000000,0.000000,ESJ0211,14-3-1 11:28:54,1393644534000,ESJ0210,2,9,9,31.0
00,,BD5920,B6374,B6374,2,0,113.834351,22.729437,0.000000,14-3-1 11:29:24,1393644564000,24.000000,311.000000,24.000000,0.000000,2,0,9,54.0
02,,BD5920,B6374,B6374,2,0,113.833855,22.729897,0.000000,14-3-1 11:29:34,1393644574000,13.000000,316.000000,13.000000,0.000000,ESJ0211,14-3-1 11:29:34,1393644574000,ESJ0210,2,0,9,126.0
00,,BD5920,B6374,B6374,2,0,113.833229,22.730663,0.000000,14-3-1 11:29:54,1393644594000,21.000000,317.000000,21.000000,0.000000,2,0,9,232.0
00,,BD5920,B6374,B6374,2,0,113.832825,22.730944,0.000000,14-3-1 11:30:4,1393644604000,14.000000,316.000000,14.000000,0.000000,2,0,10,247.0
00,,BD5920,B6374,B6374,2,0,113.832214,22.731276,0.000000,14-3-1 11:30:14,1393644614000,24.000000,302.000000,24.000000,0.000000,2,0,10,174.0
00,,BD5920,B6374,B6374,2,0,113.831413,22.731792,0.000000,14-3-1 11:30:24,1393644624000,34.000000,307.000000,34.000000,0.000000,2,0,10,74.0
01,,BD5920,B6374,B6374,2,0,113.830879,22.732143,0.000000,14-3-1 11:30:34,1393644634000,13.000000,293.000000,13.000000,0.000000,ESJ0210,14-3-1 11:30:34,1393644634000,ESJ0218,2,10,10,7.0
00,,BD5920,B6374,B6374,2,0,113.830238,22.732246,0.000000,14-3-1 11:31:14,1393644674000,22.000000,274.000000,22.000000,0.000000,2,0,10,60.0
02,,BD5920,B6374,B6374,2,0,113.829536,22.732107,0.000000,14-3-1 11:31:24,1393644684000,32.000000,265.000000,32.000000,0.000000,ESJ0210,14-3-1 11:31:24,1393644684000,ESJ0218,2,0,10,131.0
00,,BD5920,B6374,B6374,2,0,113.828178,22.731432,0.000000,14-3-1 11:31:44,1393644704000,21.000000,245.000000,21.000000,0.000000,2,0,11,217.0
00,,BD5920,B6374,B6374,2,0,113.827591,22.731241,0.000000,14-3-1 11:31:54,1393644714000,31.000000,250.000000,31.000000,0.000000,2,0,11,154.0
01,,BD5920,B6374,B6374,2,0,113.826805,22.730984,0.000000,14-3-1 11:32:4,1393644724000,24.000000,249.000000,24.000000,0.000000,ESJ0218,14-3-1 11:32:4,1393644724000,ESJ0181,2,0,11,71.0
00,,BD5920,B6374,B6374,2,0,113.826126,22.730623,0.000000,14-3-1 11:32:24,1393644744000,17.000000,225.000000,17.000000,0.000000,2,11,11,42.0
02,,BD5920,B6374,B6374,2,0,113.825775,22.730291,0.000000,14-3-1 11:33:4,1393644784000,12.000000,256.000000,12.000000,0.000000,ESJ0218,14-3-1 11:33:4,1393644784000,ESJ0181,2,0,11,86.0
00,,BD5920,B6374,B6374,2,0,113.824074,22.730232,0.000000,14-3-1 11:36:24,1393644984000,10.000000,212.000000,10.000000,0.000000,2,0,11,226.0
00,,BD5920,B6374,B6374,2,0,113.823975,22.729752,0.000000,14-3-1 11:36:34,1393644994000,20.000000,182.000000,20.000000,0.000000,2,0,12,208.0
00,,BD5920,B6374,B6374,2,0,113.823929,22.728943,0.000000,14-3-1 11:36:44,1393645004000,30.000000,182.000000,30.000000,0.000000,2,0,12,118.0
01,,BD5920,B6374,B6374,2,0,113.823875,22.728104,0.000000,14-3-1 11:36:54,1393645014000,30.000000,185.000000,30.000000,0.000000,ESJ0181,14-3-1 11:36:54,1393645014000,ESJ0131,2,12,12,24.0
00,,BD5920,B6374,B6374,2,0,113.823814,22.727633,0.000000,14-3-1 11:37:14,1393645034000,20.000000,183.000000,20.000000,0.000000,2,0,12,29.0
02,,BD5920,B6374,B6374,2,0,113.823830,22.726969,0.000000,14-3-1 11:37:24,1393645044000,30.000000,181.000000,30.000000,0.000000,ESJ0181,14-3-1 11:37:24,1393645044000,ESJ0131,2,0,12,102.0
00,,BD5920,B6374,B6374,2,0,113.823761,22.724836,0.000000,14-3-1 11:38:54,1393645134000,11.000000,187.000000,11.000000,0.000000,2,0,13,160.0
00,,BD5920,B6374,B6374,2,0,113.823914,22.724279,0.000000,14-3-1 11:41:10,1393645270000,14.000000,111.000000,14.000000,0.000000,2,0,13,113.0
01,,BD5920,B6374,B6374,2,0,113.824371,22.724136,0.000000,14-3-1 11:41:19,1393645279000,24.000000,110.000000,24.000000,0.000000,ESJ0131,14-3-1 11:41:19,1393645279000,ESJ0551,2,0,13,64.0
00,,BD5920,B6374,B6374,2,0,113.825165,22.723896,0.000000,14-3-1 11:42:9,1393645329000,14.000000,92.000000,14.000000,0.000000,2,13,13,25.0
02,,BD5920,B6374,B6374,2,0,113.825813,22.723692,0.000000,14-3-1 11:42:19,1393645339000,24.000000,105.000000,24.000000,0.000000,ESJ0131,14-3-1 11:42:19,1393645339000,ESJ0551,2,0,13,94.0
00,,BD5920,B6374,B6374,2,0,113.827965,22.722689,0.000000,14-3-1 11:43:14,1393645394000,18.000000,182.000000,18.000000,0.000000,2,0,13,339.0
00,,BD5920,B6374,B6374,2,0,113.827538,22.719736,0.000000,14-3-1 11:43:54,1393645434000,36.000000,187.000000,36.000000,0.000000,2,0,13,533.0
00,,BD5920,B6374,B6374,2,0,113.827454,22.718801,0.000000,14-3-1 11:44:4,1393645444000,35.000000,187.000000,35.000000,0.000000,2,0,14,510.0
00,,BD5920,B6374,B6374,2,0,113.827309,22.717913,0.000000,14-3-1 11:44:14,1393645454000,32.000000,189.000000,32.000000,0.000000,2,0,14,432.0
00,,BD5920,B6374,B6374,2,0,113.827507,22.717093,0.000000,14-3-1 11:44:39,1393645479000,16.000000,145.000000,16.000000,0.000000,2,0,14,346.0
00,,BD5920,B6374,B6374,2,0,113.828590,22.717016,0.000000,14-3-1 11:45:4,1393645504000,23.000000,107.000000,23.000000,0.000000,2,0,14,281.0
00,,BD5920,B6374,B6374,2,0,113.828987,22.716866,0.000000,14-3-1 11:45:14,1393645514000,12.000000,154.000000,12.000000,0.000000,2,0,14,252.0
01,,BD5920,B6374,B6374,2,0,113.828857,22.716484,0.000000,14-3-1 11:45:24,1393645524000,16.000000,207.000000,16.000000,0.000000,ESJ0551,14-3-1 11:45:24,1393645524000,2,0,14,216.0
00,,BD5920,B6374,B6374,2,0,113.828674,22.715109,0.000000,14-3-1 11:46:24,1393645584000,7.000000,180.000000,7.000000,0.000000,2,0,14,110.0
00,,BD5920,B6374,B6374,2,0,113.828468,22.714996,0.000000,14-3-1 11:46:44,1393645604000,14.000000,290.000000,14.000000,0.000000,2,0,14,125.0
