00,,BD5703,B6374,B6374,2,0,113.852264,22.707142,0.000000,14-3-1 13:48:27,1393652907000,29.000000,19.000000,29.000000,0.000000,2,0,1,190.0
00,,BD5703,B6374,B6374,2,0,113.852661,22.707788,0.000000,14-3-1 13:48:37,1393652917000,32.000000,28.000000,32.000000,0.000000,2,0,1,270.0
00,,BD5703,B6374,B6374,2,0,113.853210,22.708447,0.000000,14-3-1 13:48:47,1393652927000,32.000000,34.000000,32.000000,0.000000,2,0,1,359.0
00,,BD5703,B6374,B6374,2,0,113.853371,22.709232,0.000000,14-3-1 13:48:57,1393652937000,33.000000,357.000000,33.000000,0.000000,2,0,1,446.0
00,,BD5703,B6374,B6374,2,0,113.853020,22.709965,0.000000,14-3-1 13:49:7,1393652947000,27.000000,311.000000,27.000000,0.000000,2,0,1,514.0
02,,BD5703,B6374,B6374,2,0,113.852135,22.710159,0.000000,14-3-1 13:49:17,1393652957000,36.000000,285.000000,36.000000,0.000000,ESJ0721,14-3-1 13:49:17,1393652957000,ESJ0048,2,0,1,522.0
00,,BD5703,B6374,B6374,2,0,113.851074,22.710752,0.000000,14-3-1 13:49:37,1393652977000,26.000000,16.000000,26.000000,0.000000,2,0,2,441.0
00,,BD5703,B6374,B6374,2,0,113.851349,22.711552,0.000000,14-3-1 13:49:47,1393652987000,32.000000,16.000000,32.000000,0.000000,2,0,2,361.0
00,,BD5703,B6374,B6374,2,0,113.851677,22.712193,0.000000,14-3-1 13:49:57,1393652997000,26.000000,27.000000,26.000000,0.000000,2,0,2,308.0
00,,BD5703,B6374,B6374,2,0,113.851921,22.712732,0.000000,14-3-1 13:50:7,1393653007000,20.000000,358.000000,20.000000,0.000000,2,0,2,271.0
00,,BD5703,B6374,B6374,2,0,113.851730,22.712992,0.000000,14-3-1 13:50:12,1393653012000,25.000000,317.000000,25.000000,0.000000,2,0,2,236.0
00,,BD5703,B6374,B6374,2,0,113.851196,22.713448,0.000000,14-3-1 13:50:22,1393653022000,22.000000,318.000000,22.000000,0.000000,2,0,2,163.0
00,,BD5703,B6374,B6374,2,0,113.850700,22.713907,0.000000,14-3-1 13:50:32,1393653032000,29.000000,314.000000,29.000000,0.000000,2,0,2,92.0
01,,BD5703,B6374,B6374,2,0,113.850220,22.714363,0.000000,14-3-1 13:51:2,1393653062000,8.000000,359.000000,8.000000,0.000000,ESJ0048,14-3-1 13:51:2,1393653062000,ESJ0041,2,2,2,32.0
02,,BD5703,B6374,B6374,2,0,113.850471,22.715273,0.000000,14-3-1 13:52:52,1393653172000,18.000000,22.000000,18.000000,0.000000,ESJ0048,14-3-1 13:52:52,1393653172000,ESJ0041,2,0,2,72.0
01,,BD5703,B6374,B6374,2,0,113.850685,22.715946,0.000000,14-3-1 13:54:37,1393653277000,16.000000,340.000000,16.000000,0.000000,ESJ0041,14-3-1 13:54:37,1393653277000,ESG0612,2,0,3,94.0
02,,BD5703,B6374,B6374,2,0,113.849892,22.716387,0.000000,14-3-1 13:55:12,1393653312000,28.000000,293.000000,28.000000,0.000000,ESJ0041,14-3-1 13:55:12,1393653312000,ESG0612,2,3,3,8.0
00,,BD5703,B6374,B6374,2,0,113.848114,22.716976,0.000000,14-3-1 13:55:32,1393653332000,30.000000,290.000000,30.000000,0.000000,2,0,3,194.0
00,,BD5703,B6374,B6374,2,0,113.847351,22.717220,0.000000,14-3-1 13:55:42,1393653342000,29.000000,289.000000,29.000000,0.000000,2,0,3,277.0
00,,BD5703,B6374,B6374,2,0,113.846649,22.717602,0.000000,14-3-1 13:55:52,1393653352000,31.000000,298.000000,31.000000,0.000000,2,0,3,360.0
00,,BD5703,B6374,B6374,2,0,113.845924,22.718082,0.000000,14-3-1 13:56:2,1393653362000,32.000000,303.000000,32.000000,0.000000,2,0,4,404.0
00,,BD5703,B6374,B6374,2,0,113.845345,22.718472,0.000000,14-3-1 13:56:12,1393653372000,25.000000,304.000000,25.000000,0.000000,2,0,4,331.0
00,,BD5703,B6374,B6374,2,0,113.844749,22.718887,0.000000,14-3-1 13:56:22,1393653382000,27.000000,308.000000,27.000000,0.000000,2,0,4,256.0
00,,BD5703,B6374,B6374,2,0,113.844101,22.719404,0.000000,14-3-1 13:56:52,1393653412000,12.000000,314.000000,12.000000,0.000000,2,0,4,173.0
01,,BD5703,B6374,B6374,2,0,113.843613,22.719671,0.000000,14-3-1 13:57:2,1393653422000,22.000000,299.000000,22.000000,0.000000,ESG0612,14-3-1 13:57:2,1393653422000,ESJ0044,2,0,4,118.0
02,,BD5703,B6374,B6374,2,0,113.842247,22.719936,0.000000,14-3-1 13:57:22,1393653442000,25.000000,277.000000,25.000000,0.000000,ESG0612,14-3-1 13:57:22,1393653442000,ESJ0044,2,4,4,27.0
00,,BD5703,B6374,B6374,2,0,113.841194,22.720001,0.000000,14-3-1 13:57:42,1393653462000,23.000000,280.000000,23.000000,0.000000,2,0,4,133.0
00,,BD5703,B6374,B6374,2,0,113.840462,22.720057,0.000000,14-3-1 13:57:52,1393653472000,23.000000,278.000000,23.000000,0.000000,2,0,5,113.0
01,,BD5703,B6374,B6374,2,0,113.839775,22.720116,0.000000,14-3-1 13:58:2,1393653482000,26.000000,281.000000,26.000000,0.000000,ESJ0044,14-3-1 13:58:2,1393653482000,ESJ0510,2,0,5,42.0
00,,BD5703,B6374,B6374,2,0,113.839066,22.720301,0.000000,14-3-1 13:58:32,1393653512000,20.000000,282.000000,20.000000,0.000000,2,5,5,35.0
02,,BD5703,B6374,B6374,2,0,113.838448,22.720484,0.000000,14-3-1 13:58:42,1393653522000,20.000000,295.000000,20.000000,0.000000,ESJ0044,14-3-1 13:58:42,1393653522000,ESJ0510,2,0,5,101.0
01,,BD5703,B6374,B6374,2,0,113.837547,22.721249,0.000000,14-3-1 13:59:2,1393653542000,24.000000,315.000000,24.000000,0.000000,ESJ0510,14-3-1 13:59:2,1393653542000,ESJ0511,2,6,6,21.0
02,,BD5703,B6374,B6374,2,0,113.836853,22.722082,0.000000,14-3-1 13:59:32,1393653572000,26.000000,316.000000,26.000000,0.000000,ESJ0510,14-3-1 13:59:32,1393653572000,ESJ0511,2,0,6,98.0
01,,BD5703,B6374,B6374,2,0,113.836296,22.722607,0.000000,14-3-1 13:59:42,1393653582000,29.000000,317.000000,29.000000,0.000000,ESJ0511,14-3-1 13:59:42,1393653582000,ESJ0556,2,0,7,92.0
02,,BD5703,B6374,B6374,2,0,113.835419,22.723392,0.000000,14-3-1 14:0:2,1393653602000,21.000000,314.000000,21.000000,0.000000,ESJ0511,14-3-1 14:0:2,1393653602000,ESJ0556,2,7,7,36.0
00,,BD5703,B6374,B6374,2,0,113.835411,22.724195,0.000000,14-3-1 14:0:22,1393653622000,28.000000,21.000000,28.000000,0.000000,2,0,7,122.0
00,,BD5703,B6374,B6374,2,0,113.835747,22.724966,0.000000,14-3-1 14:0:32,1393653632000,38.000000,23.000000,38.000000,0.000000,2,0,8,90.0
01,,BD5703,B6374,B6374,2,0,113.836166,22.725704,0.000000,14-3-1 14:0:42,1393653642000,16.000000,59.000000,16.000000,0.000000,ESJ0556,14-3-1 14:0:42,1393653642000,ESJ0211,2,8,8,16.0
01,,BD5703,B6374,B6374,2,0,113.827126,22.731396,0.000000,14-3-1 14:6:10,1393653970000,29.000000,250.000000,29.000000,0.000000,ESJ0211,14-3-1 14:6:10,1393653970000,ESJ0210,2,0,11,113.0
02,,BD5703,B6374,B6374,2,0,113.827126,22.731396,0.000000,14-3-1 14:6:10,1393653970000,29.000000,250.000000,29.000000,0.000000,ESJ0211,14-3-1 14:6:10,1393653970000,ESJ0210,2,0,11,113.0
02,,BD5703,B6374,B6374,2,0,113.827126,22.731396,0.000000,14-3-1 14:6:10,1393653970000,29.000000,250.000000,29.000000,0.000000,ESJ0556,14-3-1 14:6:10,1393653970000,ESJ0211,2,0,11,113.0
01,,BD5703,B6374,B6374,2,0,113.826317,22.731133,0.000000,14-3-1 14:6:20,1393653980000,30.000000,251.000000,30.000000,0.000000,ESJ0218,14-3-1 14:6:20,1393653980000,ESJ0181,2,0,11,26.0
00,,BD5703,B6374,B6374,2,0,113.825943,22.730991,0.000000,14-3-1 14:6:40,1393654000000,15.000000,251.000000,15.000000,0.000000,2,11,11,18.0
02,,BD5703,B6374,B6374,2,0,113.825386,22.730841,0.000000,14-3-1 14:6:50,1393654010000,25.000000,255.000000,25.000000,0.000000,ESJ0218,14-3-1 14:6:50,1393654010000,ESJ0181,2,0,11,77.0
00,,BD5703,B6374,B6374,2,0,113.824287,22.730425,0.000000,14-3-1 14:10:29,1393654229000,17.000000,248.000000,17.000000,0.000000,2,0,11,198.0
00,,BD5703,B6374,B6374,2,0,113.824036,22.730240,0.000000,14-3-1 14:10:37,1393654237000,18.000000,212.000000,18.000000,0.000000,2,0,11,229.0
00,,BD5703,B6374,B6374,2,0,113.823990,22.729959,0.000000,14-3-1 14:10:42,1393654242000,26.000000,181.000000,26.000000,0.000000,2,0,12,231.0
00,,BD5703,B6374,B6374,2,0,113.823929,22.729176,0.000000,14-3-1 14:10:52,1393654252000,36.000000,181.000000,36.000000,0.000000,2,0,12,143.0
01,,BD5703,B6374,B6374,2,0,113.823875,22.728312,0.000000,14-3-1 14:11:2,1393654262000,33.000000,183.000000,33.000000,0.000000,ESJ0181,14-3-1 14:11:2,1393654262000,ESJ0131,2,12,12,47.0
00,,BD5703,B6374,B6374,2,0,113.823837,22.727463,0.000000,14-3-1 14:11:32,1393654292000,31.000000,179.000000,31.000000,0.000000,2,0,12,48.0
02,,BD5703,B6374,B6374,2,0,113.823814,22.726408,0.000000,14-3-1 14:11:42,1393654302000,41.000000,183.000000,41.000000,0.000000,ESJ0181,14-3-1 14:11:42,1393654302000,ESJ0131,2,0,12,165.0
00,,BD5703,B6374,B6374,2,0,113.823792,22.724663,0.000000,14-3-1 14:14:2,1393654442000,12.000000,182.000000,12.000000,0.000000,2,0,13,146.0
00,,BD5703,B6374,B6374,2,0,113.823837,22.724386,0.000000,14-3-1 14:14:12,1393654452000,11.000000,141.000000,11.000000,0.000000,2,0,13,125.0
01,,BD5703,B6374,B6374,2,0,113.824150,22.724207,0.000000,14-3-1 14:14:22,1393654462000,18.000000,128.000000,18.000000,0.000000,ESJ0131,14-3-1 14:14:22,1393654462000,ESJ0551,2,0,13,88.0
00,,BD5703,B6374,B6374,2,0,113.824814,22.724031,0.000000,14-3-1 14:14:32,1393654472000,26.000000,111.000000,26.000000,0.000000,2,0,13,21.0
00,,BD5703,B6374,B6374,2,0,113.825066,22.723967,0.000000,14-3-1 14:14:52,1393654492000,16.000000,106.000000,16.000000,0.000000,2,13,13,18.0
02,,BD5703,B6374,B6374,2,0,113.826164,22.723335,0.000000,14-3-1 14:15:12,1393654512000,26.000000,183.000000,26.000000,0.000000,ESJ0131,14-3-1 14:15:12,1393654512000,ESJ0551,2,0,13,141.0
00,,BD5703,B6374,B6374,2,0,113.827171,22.721992,0.000000,14-3-1 14:15:47,1393654547000,25.000000,114.000000,25.000000,0.000000,2,0,13,312.0
00,,BD5703,B6374,B6374,2,0,113.827789,22.721807,0.000000,14-3-1 14:15:57,1393654557000,20.000000,110.000000,20.000000,0.000000,2,0,13,374.0
00,,BD5703,B6374,B6374,2,0,113.827927,22.721632,0.000000,14-3-1 14:16:2,1393654562000,19.000000,171.000000,19.000000,0.000000,2,0,13,397.0
00,,BD5703,B6374,B6374,2,0,113.827850,22.720739,0.000000,14-3-1 14:16:12,1393654572000,29.000000,186.000000,29.000000,0.000000,2,0,13,461.0
00,,BD5703,B6374,B6374,2,0,113.827675,22.719755,0.000000,14-3-1 14:16:22,1393654582000,39.000000,188.000000,39.000000,0.000000,2,0,13,539.0
00,,BD5703,B6374,B6374,2,0,113.827499,22.718742,0.000000,14-3-1 14:16:32,1393654592000,41.000000,188.000000,41.000000,0.000000,2,0,14,503.0
00,,BD5703,B6374,B6374,2,0,113.827332,22.717752,0.000000,14-3-1 14:16:42,1393654602000,39.000000,188.000000,39.000000,0.000000,2,0,14,416.0
00,,BD5703,B6374,B6374,2,0,113.827202,22.717096,0.000000,14-3-1 14:16:52,1393654612000,23.000000,169.000000,23.000000,0.000000,2,0,14,367.0
00,,BD5703,B6374,B6374,2,0,113.827614,22.717155,0.000000,14-3-1 14:16:57,1393654617000,26.000000,95.000000,26.000000,0.000000,2,0,14,345.0
00,,BD5703,B6374,B6374,2,0,113.828827,22.717075,0.000000,14-3-1 14:17:27,1393654647000,19.000000,94.000000,19.000000,0.000000,2,0,14,279.0
00,,BD5703,B6374,B6374,2,0,113.829041,22.716976,0.000000,14-3-1 14:17:32,1393654652000,13.000000,133.000000,13.000000,0.000000,2,0,14,263.0
01,,BD5703,B6374,B6374,2,0,113.828903,22.716202,0.000000,14-3-1 14:17:57,1393654677000,13.000000,192.000000,13.000000,0.000000,ESJ0551,14-3-1 14:17:57,1393654677000,2,0,14,185.0
00,,BD5703,B6374,B6374,2,0,113.828789,22.715311,0.000000,14-3-1 14:18:27,1393654707000,17.000000,187.000000,17.000000,0.000000,2,14,14,112.0
