00,,BD5828,B6374,B6374,2,0,113.852455,22.707577,0.000000,14-3-1 13:34:52,1393652092000,33.000000,30.000000,33.000000,0.000000,2,0,1,242.0
00,,BD5828,B6374,B6374,2,0,113.853043,22.708277,0.000000,14-3-1 13:35:2,1393652102000,33.000000,37.000000,33.000000,0.000000,2,0,1,335.0
00,,BD5828,B6374,B6374,2,0,113.853333,22.709000,0.000000,14-3-1 13:35:12,1393652112000,34.000000,8.000000,34.000000,0.000000,2,0,1,420.0
00,,BD5828,B6374,B6374,2,0,113.853172,22.709766,0.000000,14-3-1 13:35:22,1393652122000,28.000000,326.000000,28.000000,0.000000,2,0,1,496.0
02,,BD5828,B6374,B6374,2,0,113.852867,22.709972,0.000000,14-3-1 13:35:27,1393652127000,26.000000,293.000000,26.000000,0.000000,ESJ0721,14-3-1 13:35:27,1393652127000,ESJ0048,2,0,1,511.0
00,,BD5828,B6374,B6374,2,0,113.851349,22.710363,0.000000,14-3-1 13:35:47,1393652147000,28.000000,282.000000,28.000000,0.000000,2,0,2,489.0
00,,BD5828,B6374,B6374,2,0,113.851044,22.710629,0.000000,14-3-1 13:35:57,1393652157000,16.000000,11.000000,16.000000,0.000000,2,0,2,454.0
00,,BD5828,B6374,B6374,2,0,113.851196,22.711266,0.000000,14-3-1 13:36:7,1393652167000,26.000000,14.000000,26.000000,0.000000,2,0,2,388.0
00,,BD5828,B6374,B6374,2,0,113.851463,22.711996,0.000000,14-3-1 13:36:17,1393652177000,25.000000,24.000000,25.000000,0.000000,2,0,2,319.0
00,,BD5828,B6374,B6374,2,0,113.851761,22.712536,0.000000,14-3-1 13:36:27,1393652187000,13.000000,31.000000,13.000000,0.000000,2,0,2,279.0
00,,BD5828,B6374,B6374,2,0,113.851730,22.712816,0.000000,14-3-1 13:36:47,1393652207000,20.000000,323.000000,20.000000,0.000000,2,0,2,252.0
00,,BD5828,B6374,B6374,2,0,113.851196,22.713207,0.000000,14-3-1 13:36:57,1393652217000,28.000000,309.000000,28.000000,0.000000,2,0,2,185.0
00,,BD5828,B6374,B6374,2,0,113.850555,22.713680,0.000000,14-3-1 13:37:7,1393652227000,29.000000,306.000000,29.000000,0.000000,2,0,2,111.0
01,,BD5828,B6374,B6374,2,0,113.850082,22.714272,0.000000,14-3-1 13:37:32,1393652252000,11.000000,10.000000,11.000000,0.000000,ESJ0048,14-3-1 13:37:32,1393652252000,ESJ0041,2,2,2,47.0
02,,BD5828,B6374,B6374,2,0,113.850487,22.715221,0.000000,14-3-1 13:38:12,1393652292000,13.000000,18.000000,13.000000,0.000000,ESJ0048,14-3-1 13:38:12,1393652292000,ESJ0041,2,0,2,67.0
01,,BD5828,B6374,B6374,2,0,113.850662,22.716028,0.000000,14-3-1 13:40:2,1393652402000,12.000000,319.000000,12.000000,0.000000,ESJ0041,14-3-1 13:40:2,1393652402000,ESG0612,2,0,3,88.0
02,,BD5828,B6374,B6374,2,0,113.849785,22.716427,0.000000,14-3-1 13:40:37,1393652437000,22.000000,292.000000,22.000000,0.000000,ESJ0041,14-3-1 13:40:37,1393652437000,ESG0612,2,3,3,15.0
00,,BD5828,B6374,B6374,2,0,113.847389,22.717161,0.000000,14-3-1 13:41:7,1393652467000,24.000000,288.000000,24.000000,0.000000,2,0,3,271.0
00,,BD5828,B6374,B6374,2,0,113.846794,22.717426,0.000000,14-3-1 13:41:17,1393652477000,24.000000,302.000000,24.000000,0.000000,2,0,3,339.0
00,,BD5828,B6374,B6374,2,0,113.846237,22.717812,0.000000,14-3-1 13:41:27,1393652487000,23.000000,305.000000,23.000000,0.000000,2,0,3,408.0
00,,BD5828,B6374,B6374,2,0,113.845688,22.718164,0.000000,14-3-1 13:41:37,1393652497000,27.000000,299.000000,27.000000,0.000000,2,0,4,378.0
00,,BD5828,B6374,B6374,2,0,113.845146,22.718449,0.000000,14-3-1 13:41:47,1393652507000,14.000000,306.000000,14.000000,0.000000,2,0,4,314.0
00,,BD5828,B6374,B6374,2,0,113.844940,22.718649,0.000000,14-3-1 13:41:57,1393652517000,16.000000,305.000000,16.000000,0.000000,2,0,4,285.0
00,,BD5828,B6374,B6374,2,0,113.844513,22.718920,0.000000,14-3-1 13:42:7,1393652527000,21.000000,303.000000,21.000000,0.000000,2,0,4,232.0
00,,BD5828,B6374,B6374,2,0,113.843910,22.719543,0.000000,14-3-1 13:42:37,1393652557000,8.000000,300.000000,8.000000,0.000000,2,0,4,151.0
01,,BD5828,B6374,B6374,2,0,113.843613,22.719692,0.000000,14-3-1 13:42:47,1393652567000,18.000000,286.000000,18.000000,0.000000,ESG0612,14-3-1 13:42:47,1393652567000,ESJ0044,2,0,4,118.0
00,,BD5828,B6374,B6374,2,0,113.842613,22.719942,0.000000,14-3-1 13:43:7,1393652587000,17.000000,275.000000,17.000000,0.000000,2,4,4,20.0
02,,BD5828,B6374,B6374,2,0,113.842072,22.719961,0.000000,14-3-1 13:43:17,1393652597000,13.000000,280.000000,13.000000,0.000000,ESG0612,14-3-1 13:43:17,1393652597000,ESJ0044,2,0,4,44.0
00,,BD5828,B6374,B6374,2,0,113.841713,22.719896,0.000000,14-3-1 13:43:27,1393652607000,16.000000,282.000000,16.000000,0.000000,2,0,4,78.0
00,,BD5828,B6374,B6374,2,0,113.840790,22.719946,0.000000,14-3-1 13:43:47,1393652627000,16.000000,279.000000,16.000000,0.000000,2,0,5,148.0
00,,BD5828,B6374,B6374,2,0,113.840317,22.719986,0.000000,14-3-1 13:43:57,1393652637000,15.000000,275.000000,15.000000,0.000000,2,0,5,99.0
01,,BD5828,B6374,B6374,2,0,113.839897,22.720064,0.000000,14-3-1 13:44:7,1393652647000,13.000000,278.000000,13.000000,0.000000,ESJ0044,14-3-1 13:44:7,1393652647000,ESJ0510,2,5,5,55.0
02,,BD5828,B6374,B6374,2,0,113.838783,22.720442,0.000000,14-3-1 13:44:47,1393652687000,23.000000,286.000000,23.000000,0.000000,ESJ0044,14-3-1 13:44:47,1393652687000,ESJ0510,2,0,5,68.0
01,,BD5828,B6374,B6374,2,0,113.837616,22.721289,0.000000,14-3-1 13:45:7,1393652707000,29.000000,319.000000,29.000000,0.000000,ESJ0510,14-3-1 13:45:7,1393652707000,ESJ0511,2,6,6,26.0
02,,BD5828,B6374,B6374,2,0,113.837044,22.721846,0.000000,14-3-1 13:45:37,1393652737000,15.000000,323.000000,15.000000,0.000000,ESJ0510,14-3-1 13:45:37,1393652737000,ESJ0511,2,0,6,66.0
01,,BD5828,B6374,B6374,2,0,113.836060,22.722792,0.000000,14-3-1 13:45:57,1393652757000,34.000000,316.000000,34.000000,0.000000,ESJ0511,14-3-1 13:45:57,1393652757000,ESJ0556,2,0,7,60.0
00,,BD5828,B6374,B6374,2,0,113.835526,22.723404,0.000000,14-3-1 13:46:27,1393652787000,13.000000,325.000000,13.000000,0.000000,2,7,7,33.0
02,,BD5828,B6374,B6374,2,0,113.835289,22.723742,0.000000,14-3-1 13:46:37,1393652797000,15.000000,3.000000,15.000000,0.000000,ESJ0511,14-3-1 13:46:37,1393652797000,ESJ0556,2,0,7,76.0
01,,BD5828,B6374,B6374,2,0,113.835869,22.725307,0.000000,14-3-1 13:46:57,1393652817000,25.000000,34.000000,25.000000,0.000000,ESJ0556,14-3-1 13:46:57,1393652817000,ESJ0211,2,0,8,50.0
00,,BD5828,B6374,B6374,2,0,113.836029,22.725666,0.000000,14-3-1 13:47:22,1393652842000,12.000000,3.000000,12.000000,0.000000,2,8,8,7.0
02,,BD5828,B6374,B6374,2,0,113.836540,22.726952,0.000000,14-3-1 13:47:42,1393652862000,22.000000,17.000000,22.000000,0.000000,ESJ0556,14-3-1 13:47:42,1393652862000,ESJ0211,2,0,8,146.0
00,,BD5828,B6374,B6374,2,0,113.835938,22.728104,0.000000,14-3-1 13:48:32,1393652912000,23.000000,299.000000,23.000000,0.000000,2,0,9,166.0
00,,BD5828,B6374,B6374,2,0,113.835449,22.728537,0.000000,14-3-1 13:48:42,1393652922000,28.000000,317.000000,28.000000,0.000000,2,0,9,97.0
01,,BD5828,B6374,B6374,2,0,113.834976,22.729025,0.000000,14-3-1 13:48:52,1393652932000,17.000000,320.000000,17.000000,0.000000,ESJ0211,14-3-1 13:48:52,1393652932000,ESJ0210,2,9,9,24.0
02,,BD5828,B6374,B6374,2,0,113.833969,22.729923,0.000000,14-3-1 13:49:22,1393652962000,11.000000,312.000000,11.000000,0.000000,ESJ0211,14-3-1 13:49:22,1393652962000,ESJ0210,2,0,9,120.0
00,,BD5828,B6374,B6374,2,0,113.833290,22.730652,0.000000,14-3-1 13:52:7,1393653127000,8.000000,308.000000,8.000000,0.000000,2,0,9,227.0
00,,BD5828,B6374,B6374,2,0,113.832825,22.730991,0.000000,14-3-1 13:52:27,1393653147000,13.000000,317.000000,13.000000,0.000000,2,0,10,244.0
00,,BD5828,B6374,B6374,2,0,113.832436,22.731256,0.000000,14-3-1 13:52:37,1393653157000,16.000000,314.000000,16.000000,0.000000,2,0,10,194.0
00,,BD5828,B6374,B6374,2,0,113.832176,22.731447,0.000000,14-3-1 13:52:47,1393653167000,14.000000,306.000000,14.000000,0.000000,2,0,10,161.0
00,,BD5828,B6374,B6374,2,0,113.831703,22.731806,0.000000,14-3-1 13:52:57,1393653177000,24.000000,305.000000,24.000000,0.000000,2,0,10,99.0
01,,BD5828,B6374,B6374,2,0,113.831139,22.732128,0.000000,14-3-1 13:53:7,1393653187000,12.000000,296.000000,12.000000,0.000000,ESJ0210,14-3-1 13:53:7,1393653187000,ESJ0218,2,10,10,34.0
00,,BD5828,B6374,B6374,2,0,113.830429,22.732384,0.000000,14-3-1 13:53:37,1393653217000,19.000000,276.000000,19.000000,0.000000,2,0,10,47.0
02,,BD5828,B6374,B6374,2,0,113.829811,22.732246,0.000000,14-3-1 13:53:47,1393653227000,28.000000,253.000000,28.000000,0.000000,ESJ0210,14-3-1 13:53:47,1393653227000,ESJ0218,2,0,10,103.0
00,,BD5828,B6374,B6374,2,0,113.827789,22.731468,0.000000,14-3-1 13:54:7,1393653247000,31.000000,248.000000,31.000000,0.000000,2,0,11,180.0
01,,BD5828,B6374,B6374,2,0,113.826714,22.731201,0.000000,14-3-1 13:54:17,1393653257000,38.000000,252.000000,38.000000,0.000000,ESJ0218,14-3-1 13:54:17,1393653257000,ESJ0181,2,0,11,66.0
00,,BD5828,B6374,B6374,2,0,113.825989,22.731012,0.000000,14-3-1 13:54:47,1393653287000,10.000000,275.000000,10.000000,0.000000,2,11,11,13.0
02,,BD5828,B6374,B6374,2,0,113.825325,22.730688,0.000000,14-3-1 13:54:57,1393653297000,20.000000,256.000000,20.000000,0.000000,ESJ0218,14-3-1 13:54:57,1393653297000,ESJ0181,2,0,11,88.0
00,,BD5828,B6374,B6374,2,0,113.824829,22.730513,0.000000,14-3-1 13:56:17,1393653377000,14.000000,248.000000,14.000000,0.000000,2,0,11,142.0
00,,BD5828,B6374,B6374,2,0,113.824425,22.730371,0.000000,14-3-1 13:56:27,1393653387000,15.000000,251.000000,15.000000,0.000000,2,0,11,187.0
00,,BD5828,B6374,B6374,2,0,113.823975,22.730091,0.000000,14-3-1 13:56:37,1393653397000,21.000000,199.000000,21.000000,0.000000,2,0,11,242.0
00,,BD5828,B6374,B6374,2,0,113.823898,22.729431,0.000000,14-3-1 13:56:47,1393653407000,31.000000,180.000000,31.000000,0.000000,2,0,12,172.0
01,,BD5828,B6374,B6374,2,0,113.823830,22.728519,0.000000,14-3-1 13:56:57,1393653417000,35.000000,185.000000,35.000000,0.000000,ESJ0181,14-3-1 13:56:57,1393653417000,ESJ0131,2,12,12,71.0
02,,BD5828,B6374,B6374,2,0,113.823792,22.727016,0.000000,14-3-1 13:57:37,1393653457000,21.000000,177.000000,21.000000,0.000000,ESJ0181,14-3-1 13:57:37,1393653457000,ESJ0131,2,0,12,98.0
00,,BD5828,B6374,B6374,2,0,113.823761,22.724922,0.000000,14-3-1 13:57:57,1393653477000,24.000000,180.000000,24.000000,0.000000,2,0,13,167.0
00,,BD5828,B6374,B6374,2,0,113.823990,22.724272,0.000000,14-3-1 13:59:7,1393653547000,20.000000,119.000000,20.000000,0.000000,2,0,13,106.0
01,,BD5828,B6374,B6374,2,0,113.824593,22.724056,0.000000,14-3-1 13:59:17,1393653557000,27.000000,113.000000,27.000000,0.000000,ESJ0131,14-3-1 13:59:17,1393653557000,ESJ0551,2,0,13,40.0
00,,BD5828,B6374,B6374,2,0,113.825089,22.723896,0.000000,14-3-1 13:59:37,1393653577000,15.000000,87.000000,15.000000,0.000000,2,13,13,17.0
02,,BD5828,B6374,B6374,2,0,113.825653,22.723785,0.000000,14-3-1 13:59:47,1393653587000,25.000000,98.000000,25.000000,0.000000,ESJ0131,14-3-1 13:59:47,1393653587000,ESJ0551,2,0,13,76.0
00,,BD5828,B6374,B6374,2,0,113.825378,22.719727,0.000000,14-3-1 14:0:37,1393653637000,51.000000,192.000000,51.000000,0.000000,2,0,13,464.0
00,,BD5828,B6374,B6374,2,0,113.825096,22.718445,0.000000,14-3-1 14:0:47,1393653647000,47.000000,191.000000,47.000000,0.000000,2,0,13,605.0
00,,BD5828,B6374,B6374,2,0,113.824875,22.717546,0.000000,14-3-1 14:0:57,1393653657000,23.000000,194.000000,23.000000,0.000000,2,0,14,584.0
00,,BD5828,B6374,B6374,2,0,113.825264,22.717321,0.000000,14-3-1 14:1:8,1393653668000,21.000000,95.000000,21.000000,0.000000,2,0,14,537.0
00,,BD5828,B6374,B6374,2,0,113.826103,22.717176,0.000000,14-3-1 14:1:27,1393653687000,19.000000,99.000000,19.000000,0.000000,2,0,14,457.0
00,,BD5828,B6374,B6374,2,0,113.826836,22.717072,0.000000,14-3-1 14:1:37,1393653697000,24.000000,104.000000,24.000000,0.000000,2,0,14,392.0
00,,BD5828,B6374,B6374,2,0,113.827690,22.717093,0.000000,14-3-1 14:1:47,1393653707000,31.000000,98.000000,31.000000,0.000000,2,0,14,335.0
00,,BD5828,B6374,B6374,2,0,113.828163,22.717127,0.000000,14-3-1 14:1:57,1393653717000,11.000000,95.000000,11.000000,0.000000,2,0,14,312.0
00,,BD5828,B6374,B6374,2,0,113.828857,22.716999,0.000000,14-3-1 14:2:17,1393653737000,17.000000,102.000000,17.000000,0.000000,2,0,14,270.0
01,,BD5828,B6374,B6374,2,0,113.828743,22.716412,0.000000,14-3-1 14:2:37,1393653757000,14.000000,186.000000,14.000000,0.000000,ESJ0551,14-3-1 14:2:37,1393653757000,2,0,14,213.0
00,,BD5828,B6374,B6374,2,0,113.828629,22.715281,0.000000,14-3-1 14:2:57,1393653777000,17.000000,192.000000,17.000000,0.000000,2,0,14,123.0
