00,,BD5703,B6374,B6374,2,0,113.852036,22.706156,0.000000,14-3-1 15:17:33,1393658253000,19.000000,343.000000,19.000000,0.000000,2,1,1,78.0
00,,BD5703,B6374,B6374,2,0,113.852036,22.706732,0.000000,14-3-1 15:17:43,1393658263000,28.000000,27.000000,28.000000,0.000000,2,0,1,141.0
00,,BD5703,B6374,B6374,2,0,113.852394,22.707541,0.000000,14-3-1 15:17:53,1393658273000,32.000000,23.000000,32.000000,0.000000,2,0,1,236.0
00,,BD5703,B6374,B6374,2,0,113.852943,22.708223,0.000000,14-3-1 15:18:3,1393658283000,35.000000,37.000000,35.000000,0.000000,2,0,1,325.0
00,,BD5703,B6374,B6374,2,0,113.853287,22.708755,0.000000,14-3-1 15:18:13,1393658293000,22.000000,6.000000,22.000000,0.000000,2,0,1,393.0
00,,BD5703,B6374,B6374,2,0,113.853325,22.709393,0.000000,14-3-1 15:18:23,1393658303000,25.000000,354.000000,25.000000,0.000000,2,0,1,461.0
00,,BD5703,B6374,B6374,2,0,113.852989,22.709969,0.000000,14-3-1 15:18:33,1393658313000,25.000000,301.000000,25.000000,0.000000,2,0,1,513.0
02,,BD5703,B6374,B6374,2,0,113.852272,22.710119,0.000000,14-3-1 15:18:43,1393658323000,26.000000,279.000000,26.000000,0.000000,ESJ0721,14-3-1 15:18:43,1393658323000,ESJ0048,2,0,1,519.0
00,,BD5703,B6374,B6374,2,0,113.851074,22.710611,0.000000,14-3-1 15:23:33,1393658613000,15.000000,14.000000,15.000000,0.000000,2,0,2,456.0
00,,BD5703,B6374,B6374,2,0,113.851196,22.711187,0.000000,14-3-1 15:23:43,1393658623000,25.000000,13.000000,25.000000,0.000000,2,0,2,396.0
00,,BD5703,B6374,B6374,2,0,113.851418,22.711843,0.000000,14-3-1 15:23:53,1393658633000,28.000000,21.000000,28.000000,0.000000,2,0,2,333.0
00,,BD5703,B6374,B6374,2,0,113.851730,22.712442,0.000000,14-3-1 15:24:3,1393658643000,24.000000,28.000000,24.000000,0.000000,2,0,2,286.0
00,,BD5703,B6374,B6374,2,0,113.851807,22.712744,0.000000,14-3-1 15:24:8,1393658648000,24.000000,357.000000,24.000000,0.000000,2,0,2,263.0
00,,BD5703,B6374,B6374,2,0,113.851646,22.712999,0.000000,14-3-1 15:24:13,1393658653000,27.000000,313.000000,27.000000,0.000000,2,0,2,230.0
00,,BD5703,B6374,B6374,2,0,113.851013,22.713524,0.000000,14-3-1 15:24:23,1393658663000,35.000000,314.000000,35.000000,0.000000,2,0,2,145.0
01,,BD5703,B6374,B6374,2,0,113.850349,22.714083,0.000000,14-3-1 15:24:33,1393658673000,30.000000,313.000000,30.000000,0.000000,ESJ0048,14-3-1 15:24:33,1393658673000,ESJ0041,2,0,2,63.0
02,,BD5703,B6374,B6374,2,0,113.850372,22.715143,0.000000,14-3-1 15:24:53,1393658693000,18.000000,16.000000,18.000000,0.000000,ESJ0048,14-3-1 15:24:53,1393658693000,ESJ0041,2,2,2,56.0
01,,BD5703,B6374,B6374,2,0,113.850632,22.715784,0.000000,14-3-1 15:25:53,1393658753000,21.000000,33.000000,21.000000,0.000000,ESJ0041,14-3-1 15:25:53,1393658753000,ESG0612,2,0,3,98.0
00,,BD5703,B6374,B6374,2,0,113.850098,22.716352,0.000000,14-3-1 15:26:28,1393658788000,23.000000,291.000000,23.000000,0.000000,2,3,3,24.0
02,,BD5703,B6374,B6374,2,0,113.849258,22.716633,0.000000,14-3-1 15:26:38,1393658798000,33.000000,287.000000,33.000000,0.000000,ESJ0041,14-3-1 15:26:38,1393658798000,ESG0612,2,0,3,72.0
00,,BD5703,B6374,B6374,2,0,113.848213,22.717012,0.000000,14-3-1 15:26:58,1393658818000,15.000000,293.000000,15.000000,0.000000,2,0,3,187.0
00,,BD5703,B6374,B6374,2,0,113.847824,22.717136,0.000000,14-3-1 15:27:8,1393658828000,14.000000,290.000000,14.000000,0.000000,2,0,3,229.0
00,,BD5703,B6374,B6374,2,0,113.847389,22.717283,0.000000,14-3-1 15:27:18,1393658838000,20.000000,292.000000,20.000000,0.000000,2,0,3,276.0
00,,BD5703,B6374,B6374,2,0,113.846848,22.717522,0.000000,14-3-1 15:27:28,1393658848000,25.000000,294.000000,25.000000,0.000000,2,0,3,338.0
00,,BD5703,B6374,B6374,2,0,113.846237,22.717924,0.000000,14-3-1 15:27:38,1393658858000,27.000000,304.000000,27.000000,0.000000,2,0,3,413.0
00,,BD5703,B6374,B6374,2,0,113.845673,22.718296,0.000000,14-3-1 15:27:48,1393658868000,24.000000,305.000000,24.000000,0.000000,2,0,4,370.0
00,,BD5703,B6374,B6374,2,0,113.845169,22.718639,0.000000,14-3-1 15:27:58,1393658878000,26.000000,308.000000,26.000000,0.000000,2,0,4,306.0
00,,BD5703,B6374,B6374,2,0,113.844749,22.718880,0.000000,14-3-1 15:28:48,1393658928000,16.000000,305.000000,16.000000,0.000000,2,0,4,256.0
00,,BD5703,B6374,B6374,2,0,113.844467,22.719160,0.000000,14-3-1 15:28:58,1393658938000,20.000000,308.000000,20.000000,0.000000,2,0,4,217.0
00,,BD5703,B6374,B6374,2,0,113.844009,22.719572,0.000000,14-3-1 15:30:8,1393659008000,20.000000,306.000000,20.000000,0.000000,2,0,4,160.0
01,,BD5703,B6374,B6374,2,0,113.843307,22.719784,0.000000,14-3-1 15:30:18,1393659018000,30.000000,278.000000,30.000000,0.000000,ESG0612,14-3-1 15:30:18,1393659018000,ESJ0044,2,0,4,86.0
02,,BD5703,B6374,B6374,2,0,113.841660,22.719893,0.000000,14-3-1 15:30:38,1393659038000,27.000000,271.000000,27.000000,0.000000,ESG0612,14-3-1 15:30:38,1393659038000,ESJ0044,2,4,4,84.0
00,,BD5703,B6374,B6374,2,0,113.841301,22.719881,0.000000,14-3-1 15:30:48,1393659048000,20.000000,251.000000,20.000000,0.000000,2,0,4,121.0
00,,BD5703,B6374,B6374,2,0,113.840706,22.720036,0.000000,14-3-1 15:30:58,1393659058000,20.000000,292.000000,20.000000,0.000000,2,0,5,138.0
01,,BD5703,B6374,B6374,2,0,113.839760,22.720152,0.000000,14-3-1 15:32:8,1393659128000,6.000000,307.000000,6.000000,0.000000,ESJ0044,14-3-1 15:32:8,1393659128000,ESJ0510,2,5,5,40.0
02,,BD5703,B6374,B6374,2,0,113.838463,22.720383,0.000000,14-3-1 15:33:3,1393659183000,23.000000,285.000000,23.000000,0.000000,ESJ0044,14-3-1 15:33:3,1393659183000,ESJ0510,2,0,5,96.0
00,,BD5703,B6374,B6374,2,0,113.837898,22.720760,0.000000,14-3-1 15:33:13,1393659193000,28.000000,314.000000,28.000000,0.000000,2,0,6,84.0
01,,BD5703,B6374,B6374,2,0,113.837425,22.721302,0.000000,14-3-1 15:33:23,1393659203000,27.000000,321.000000,27.000000,0.000000,ESJ0510,14-3-1 15:33:23,1393659203000,ESJ0511,2,6,6,7.0
02,,BD5703,B6374,B6374,2,0,113.836739,22.721985,0.000000,14-3-1 15:33:43,1393659223000,30.000000,319.000000,30.000000,0.000000,ESJ0510,14-3-1 15:33:43,1393659223000,ESJ0511,2,0,6,97.0
01,,BD5703,B6374,B6374,2,0,113.835999,22.722761,0.000000,14-3-1 15:34:3,1393659243000,22.000000,318.000000,22.000000,0.000000,ESJ0511,14-3-1 15:34:3,1393659243000,ESJ0556,2,0,7,57.0
02,,BD5703,B6374,B6374,2,0,113.835365,22.723415,0.000000,14-3-1 15:34:23,1393659263000,16.000000,315.000000,16.000000,0.000000,ESJ0511,14-3-1 15:34:23,1393659263000,ESJ0556,2,7,7,41.0
01,,BD5703,B6374,B6374,2,0,113.835938,22.725500,0.000000,14-3-1 15:35:8,1393659308000,27.000000,24.000000,27.000000,0.000000,ESJ0556,14-3-1 15:35:8,1393659308000,ESJ0211,2,8,8,27.0
02,,BD5703,B6374,B6374,2,0,113.836655,22.727217,0.000000,14-3-1 15:35:48,1393659348000,24.000000,20.000000,24.000000,0.000000,ESJ0556,14-3-1 15:35:48,1393659348000,ESJ0211,2,0,8,178.0
01,,BD5703,B6374,B6374,2,0,113.835014,22.729048,0.000000,14-3-1 15:37:4,1393659424000,22.000000,317.000000,22.000000,0.000000,ESJ0211,14-3-1 15:37:4,1393659424000,ESJ0210,2,9,9,26.0
02,,BD5703,B6374,B6374,2,0,113.834084,22.729856,0.000000,14-3-1 15:37:24,1393659444000,33.000000,317.000000,33.000000,0.000000,ESJ0211,14-3-1 15:37:24,1393659444000,ESJ0210,2,0,9,106.0
00,,BD5703,B6374,B6374,2,0,113.832741,22.731035,0.000000,14-3-1 15:37:44,1393659464000,28.000000,303.000000,28.000000,0.000000,2,0,10,234.0
00,,BD5703,B6374,B6374,2,0,113.832062,22.731443,0.000000,14-3-1 15:37:54,1393659474000,16.000000,294.000000,16.000000,0.000000,2,0,10,151.0
00,,BD5703,B6374,B6374,2,0,113.831528,22.731756,0.000000,14-3-1 15:38:4,1393659484000,26.000000,300.000000,26.000000,0.000000,2,0,10,86.0
01,,BD5703,B6374,B6374,2,0,113.830849,22.732141,0.000000,14-3-1 15:38:14,1393659494000,19.000000,296.000000,19.000000,0.000000,ESJ0210,14-3-1 15:38:14,1393659494000,ESJ0218,2,10,10,4.0
02,,BD5703,B6374,B6374,2,0,113.830002,22.732285,0.000000,14-3-1 15:38:44,1393659524000,28.000000,286.000000,28.000000,0.000000,ESJ0210,14-3-1 15:38:44,1393659524000,ESJ0218,2,0,10,85.0
00,,BD5703,B6374,B6374,2,0,113.827141,22.731428,0.000000,14-3-1 15:39:24,1393659564000,27.000000,248.000000,27.000000,0.000000,2,0,11,116.0
01,,BD5703,B6374,B6374,2,0,113.826263,22.731195,0.000000,14-3-1 15:39:34,1393659574000,28.000000,254.000000,28.000000,0.000000,ESJ0218,14-3-1 15:39:34,1393659574000,ESJ0181,2,11,11,27.0
02,,BD5703,B6374,B6374,2,0,113.825752,22.731035,0.000000,14-3-1 15:39:54,1393659594000,21.000000,254.000000,21.000000,0.000000,ESJ0218,14-3-1 15:39:54,1393659594000,ESJ0181,2,0,11,37.0
00,,BD5703,B6374,B6374,2,0,113.825066,22.730785,0.000000,14-3-1 15:40:4,1393659604000,15.000000,251.000000,15.000000,0.000000,2,0,11,110.0
00,,BD5703,B6374,B6374,2,0,113.824875,22.730688,0.000000,14-3-1 15:40:49,1393659649000,0.000000,247.000000,0.000000,0.000000,2,0,11,132.0
00,,BD5703,B6374,B6374,2,0,113.824791,22.730659,0.000000,14-3-1 15:42:55,1393659775000,10.000000,245.000000,10.000000,0.000000,2,0,11,141.0
00,,BD5703,B6374,B6374,2,0,113.824387,22.730522,0.000000,14-3-1 15:43:5,1393659785000,19.000000,250.000000,19.000000,0.000000,2,0,11,185.0
00,,BD5703,B6374,B6374,2,0,113.824059,22.730215,0.000000,14-3-1 15:43:13,1393659793000,16.000000,199.000000,16.000000,0.000000,2,0,11,228.0
00,,BD5703,B6374,B6374,2,0,113.823898,22.729528,0.000000,14-3-1 15:43:23,1393659803000,26.000000,181.000000,26.000000,0.000000,2,0,12,183.0
00,,BD5703,B6374,B6374,2,0,113.823875,22.728548,0.000000,14-3-1 15:43:33,1393659813000,36.000000,182.000000,36.000000,0.000000,2,0,12,74.0
01,,BD5703,B6374,B6374,2,0,113.823814,22.727913,0.000000,14-3-1 15:43:43,1393659823000,14.000000,182.000000,14.000000,0.000000,ESJ0181,14-3-1 15:43:43,1393659823000,ESJ0131,2,12,12,8.0
02,,BD5703,B6374,B6374,2,0,113.823753,22.726667,0.000000,14-3-1 15:44:13,1393659853000,34.000000,184.000000,34.000000,0.000000,ESJ0181,14-3-1 15:44:13,1393659853000,ESJ0131,2,0,12,137.0
00,,BD5703,B6374,B6374,2,0,113.823753,22.725407,0.000000,14-3-1 15:45:3,1393659903000,15.000000,184.000000,15.000000,0.000000,2,0,13,209.0
01,,BD5703,B6374,B6374,2,0,113.824593,22.724020,0.000000,14-3-1 15:47:49,1393660069000,19.000000,110.000000,19.000000,0.000000,ESJ0131,14-3-1 15:47:49,1393660069000,ESJ0551,2,13,13,38.0
