00,,BD5828,B6374,B6374,2,0,113.850082,22.716316,0.000000,14-3-1 18:48:15,1393670895000,18.000000,287.000000,18.000000,0.000000,2,3,3,22.0
00,,BD5828,B6374,B6374,2,0,113.849434,22.716557,0.000000,14-3-1 18:48:25,1393670905000,28.000000,291.000000,28.000000,0.000000,2,0,3,52.0
00,,BD5828,B6374,B6374,2,0,113.848686,22.716831,0.000000,14-3-1 18:48:35,1393670915000,28.000000,290.000000,28.000000,0.000000,2,0,3,134.0
00,,BD5828,B6374,B6374,2,0,113.848000,22.717096,0.000000,14-3-1 18:48:45,1393670925000,20.000000,291.000000,20.000000,0.000000,2,0,3,210.0
00,,BD5828,B6374,B6374,2,0,113.847420,22.717302,0.000000,14-3-1 18:48:55,1393670935000,23.000000,288.000000,23.000000,0.000000,2,0,3,274.0
00,,BD5828,B6374,B6374,2,0,113.846809,22.717587,0.000000,14-3-1 18:49:5,1393670945000,26.000000,307.000000,26.000000,0.000000,2,0,3,344.0
00,,BD5828,B6374,B6374,2,0,113.846176,22.718016,0.000000,14-3-1 18:49:15,1393670955000,31.000000,306.000000,31.000000,0.000000,2,0,3,424.0
00,,BD5828,B6374,B6374,2,0,113.845551,22.718435,0.000000,14-3-1 18:49:25,1393670965000,30.000000,305.000000,30.000000,0.000000,2,0,4,352.0
00,,BD5828,B6374,B6374,2,0,113.844826,22.718983,0.000000,14-3-1 18:49:35,1393670975000,38.000000,307.000000,38.000000,0.000000,2,0,4,259.0
00,,BD5828,B6374,B6374,2,0,113.844170,22.719551,0.000000,14-3-1 18:49:45,1393670985000,27.000000,309.000000,27.000000,0.000000,2,0,4,177.0
01,,BD5828,B6374,B6374,2,0,113.843506,22.719746,0.000000,14-3-1 18:49:55,1393670995000,23.000000,282.000000,23.000000,0.000000,ESG0612,14-3-1 18:49:55,1393670995000,ESJ0044,2,0,4,106.0
02,,BD5828,B6374,B6374,2,0,113.842186,22.719961,0.000000,14-3-1 18:50:35,1393671035000,19.000000,274.000000,19.000000,0.000000,ESG0612,14-3-1 18:50:35,1393671035000,ESJ0044,2,4,4,33.0
01,,BD5828,B6374,B6374,2,0,113.839989,22.720221,0.000000,14-3-1 18:51:35,1393671095000,20.000000,286.000000,20.000000,0.000000,ESJ0044,14-3-1 18:51:35,1393671095000,ESJ0510,2,0,5,64.0
00,,BD5828,B6374,B6374,2,0,113.839165,22.720348,0.000000,14-3-1 18:52:15,1393671135000,17.000000,280.000000,17.000000,0.000000,2,5,5,30.0
02,,BD5828,B6374,B6374,2,0,113.838623,22.720451,0.000000,14-3-1 18:52:25,1393671145000,23.000000,290.000000,23.000000,0.000000,ESJ0044,14-3-1 18:52:25,1393671145000,ESJ0510,2,0,5,83.0
01,,BD5828,B6374,B6374,2,0,113.837677,22.721275,0.000000,14-3-1 18:52:45,1393671165000,25.000000,317.000000,25.000000,0.000000,ESJ0510,14-3-1 18:52:45,1393671165000,ESJ0511,2,6,6,33.0
02,,BD5828,B6374,B6374,2,0,113.837303,22.722082,0.000000,14-3-1 18:53:25,1393671205000,20.000000,332.000000,20.000000,0.000000,ESJ0510,14-3-1 18:53:25,1393671205000,ESJ0511,2,0,6,83.0
00,,BD5828,B6374,B6374,2,0,113.836884,22.722582,0.000000,14-3-1 18:53:35,1393671215000,26.000000,324.000000,26.000000,0.000000,2,0,7,145.0
01,,BD5828,B6374,B6374,2,0,113.836029,22.723425,0.000000,14-3-1 18:53:55,1393671235000,11.000000,319.000000,11.000000,0.000000,ESJ0511,14-3-1 18:53:55,1393671235000,ESJ0556,2,7,7,56.0
02,,BD5828,B6374,B6374,2,0,113.835732,22.723772,0.000000,14-3-1 18:54:5,1393671245000,18.000000,314.000000,18.000000,0.000000,ESJ0511,14-3-1 18:54:5,1393671245000,ESJ0556,2,0,7,74.0
