00,,BD5736,B6374,B6374,2,0,113.851974,22.706297,0.000000,14-3-1 9:13:11,1393636391000,11.000000,352.000000,11.000000,0.000000,2,1,1,92.0
00,,BD5736,B6374,B6374,2,0,113.852097,22.706860,0.000000,14-3-1 9:13:21,1393636401000,21.000000,17.000000,21.000000,0.000000,2,0,1,156.0
00,,BD5736,B6374,B6374,2,0,113.852341,22.707417,0.000000,14-3-1 9:13:31,1393636411000,22.000000,27.000000,22.000000,0.000000,2,0,1,222.0
00,,BD5736,B6374,B6374,2,0,113.852737,22.707941,0.000000,14-3-1 9:13:41,1393636421000,29.000000,36.000000,29.000000,0.000000,2,0,1,289.0
00,,BD5736,B6374,B6374,2,0,113.853172,22.708481,0.000000,14-3-1 9:13:51,1393636431000,21.000000,31.000000,21.000000,0.000000,2,0,1,361.0
00,,BD5736,B6374,B6374,2,0,113.853302,22.709103,0.000000,14-3-1 9:14:1,1393636441000,28.000000,359.000000,28.000000,0.000000,2,0,1,430.0
00,,BD5736,B6374,B6374,2,0,113.853127,22.709791,0.000000,14-3-1 9:14:11,1393636451000,24.000000,325.000000,24.000000,0.000000,2,0,1,498.0
02,,BD5736,B6374,B6374,2,0,113.852844,22.709944,0.000000,14-3-1 9:14:16,1393636456000,26.000000,291.000000,26.000000,0.000000,ESJ0721,14-3-1 9:14:16,1393636456000,ESJ0048,2,0,1,508.0
00,,BD5736,B6374,B6374,2,0,113.851677,22.710184,0.000000,14-3-1 9:14:36,1393636476000,16.000000,283.000000,16.000000,0.000000,2,0,2,517.0
00,,BD5736,B6374,B6374,2,0,113.851173,22.710321,0.000000,14-3-1 9:14:46,1393636486000,18.000000,290.000000,18.000000,0.000000,2,0,2,490.0
00,,BD5736,B6374,B6374,2,0,113.851059,22.710615,0.000000,14-3-1 9:14:56,1393636496000,19.000000,14.000000,19.000000,0.000000,2,0,2,456.0
00,,BD5736,B6374,B6374,2,0,113.851219,22.711197,0.000000,14-3-1 9:15:6,1393636506000,27.000000,15.000000,27.000000,0.000000,2,0,2,396.0
00,,BD5736,B6374,B6374,2,0,113.851486,22.711897,0.000000,14-3-1 9:15:16,1393636516000,29.000000,22.000000,29.000000,0.000000,2,0,2,330.0
00,,BD5736,B6374,B6374,2,0,113.851730,22.712332,0.000000,14-3-1 9:15:26,1393636526000,11.000000,29.000000,11.000000,0.000000,2,0,2,297.0
00,,BD5736,B6374,B6374,2,0,113.851837,22.712582,0.000000,14-3-1 9:15:36,1393636536000,12.000000,14.000000,12.000000,0.000000,2,0,2,279.0
00,,BD5736,B6374,B6374,2,0,113.851509,22.712936,0.000000,14-3-1 9:15:51,1393636551000,12.000000,309.000000,12.000000,0.000000,2,0,2,228.0
00,,BD5736,B6374,B6374,2,0,113.851189,22.713121,0.000000,14-3-1 9:16:1,1393636561000,13.000000,313.000000,13.000000,0.000000,2,0,2,193.0
00,,BD5736,B6374,B6374,2,0,113.850929,22.713371,0.000000,14-3-1 9:16:11,1393636571000,16.000000,309.000000,16.000000,0.000000,2,0,2,156.0
00,,BD5736,B6374,B6374,2,0,113.850647,22.713621,0.000000,14-3-1 9:16:21,1393636581000,14.000000,312.000000,14.000000,0.000000,2,0,2,120.0
01,,BD5736,B6374,B6374,2,0,113.850334,22.713873,0.000000,14-3-1 9:16:31,1393636591000,13.000000,312.000000,13.000000,0.000000,ESJ0048,14-3-1 9:16:31,1393636591000,ESJ0041,2,0,2,86.0
00,,BD5736,B6374,B6374,2,0,113.850273,22.714617,0.000000,14-3-1 9:16:51,1393636611000,19.000000,17.000000,19.000000,0.000000,2,2,2,4.0
02,,BD5736,B6374,B6374,2,0,113.850433,22.715372,0.000000,14-3-1 9:17:11,1393636631000,14.000000,18.000000,14.000000,0.000000,ESJ0048,14-3-1 9:17:11,1393636631000,ESJ0041,2,0,2,82.0
01,,BD5736,B6374,B6374,2,0,113.850647,22.715996,0.000000,14-3-1 9:19:21,1393636761000,13.000000,337.000000,13.000000,0.000000,ESJ0041,14-3-1 9:19:21,1393636761000,ESG0612,2,0,3,88.0
00,,BD5736,B6374,B6374,2,0,113.850220,22.716206,0.000000,14-3-1 9:19:51,1393636791000,19.000000,282.000000,19.000000,0.000000,2,3,3,38.0
02,,BD5736,B6374,B6374,2,0,113.849464,22.716461,0.000000,14-3-1 9:20:1,1393636801000,29.000000,292.000000,29.000000,0.000000,ESJ0041,14-3-1 9:20:1,1393636801000,ESG0612,2,0,3,44.0
00,,BD5736,B6374,B6374,2,0,113.847092,22.717321,0.000000,14-3-1 9:20:31,1393636831000,19.000000,291.000000,19.000000,0.000000,2,0,3,306.0
00,,BD5736,B6374,B6374,2,0,113.846573,22.717627,0.000000,14-3-1 9:20:41,1393636841000,21.000000,301.000000,21.000000,0.000000,2,0,3,368.0
00,,BD5736,B6374,B6374,2,0,113.846161,22.717928,0.000000,14-3-1 9:20:51,1393636851000,18.000000,308.000000,18.000000,0.000000,2,0,3,421.0
00,,BD5736,B6374,B6374,2,0,113.845810,22.718187,0.000000,14-3-1 9:21:1,1393636861000,16.000000,304.000000,16.000000,0.000000,2,0,4,388.0
00,,BD5736,B6374,B6374,2,0,113.845390,22.718412,0.000000,14-3-1 9:21:11,1393636871000,20.000000,303.000000,20.000000,0.000000,2,0,4,338.0
00,,BD5736,B6374,B6374,2,0,113.844849,22.718796,0.000000,14-3-1 9:21:21,1393636881000,23.000000,305.000000,23.000000,0.000000,2,0,4,269.0
00,,BD5736,B6374,B6374,2,0,113.844398,22.719145,0.000000,14-3-1 9:21:31,1393636891000,15.000000,310.000000,15.000000,0.000000,2,0,4,211.0
00,,BD5736,B6374,B6374,2,0,113.844048,22.719393,0.000000,14-3-1 9:22:31,1393636951000,12.000000,296.000000,12.000000,0.000000,2,0,4,169.0
01,,BD5736,B6374,B6374,2,0,113.843636,22.719645,0.000000,14-3-1 9:22:41,1393636961000,14.000000,296.000000,14.000000,0.000000,ESG0612,14-3-1 9:22:41,1393636961000,ESJ0044,2,0,4,121.0
02,,BD5736,B6374,B6374,2,0,113.842346,22.719889,0.000000,14-3-1 9:23:1,1393636981000,30.000000,284.000000,30.000000,0.000000,ESG0612,14-3-1 9:23:1,1393636981000,ESJ0044,2,4,4,15.0
00,,BD5736,B6374,B6374,2,0,113.840652,22.719921,0.000000,14-3-1 9:23:21,1393637001000,36.000000,277.000000,36.000000,0.000000,2,0,5,134.0
01,,BD5736,B6374,B6374,2,0,113.839745,22.720049,0.000000,14-3-1 9:23:31,1393637011000,29.000000,279.000000,29.000000,0.000000,ESJ0044,14-3-1 9:23:31,1393637011000,ESJ0510,2,0,5,41.0
00,,BD5736,B6374,B6374,2,0,113.839142,22.720146,0.000000,14-3-1 9:23:41,1393637021000,22.000000,281.000000,22.000000,0.000000,2,5,5,23.0
02,,BD5736,B6374,B6374,2,0,113.838623,22.720251,0.000000,14-3-1 9:23:51,1393637031000,21.000000,284.000000,21.000000,0.000000,ESJ0044,14-3-1 9:23:51,1393637031000,ESJ0510,2,0,5,77.0
01,,BD5736,B6374,B6374,2,0,113.837486,22.721182,0.000000,14-3-1 9:24:11,1393637051000,25.000000,310.000000,25.000000,0.000000,ESJ0510,14-3-1 9:24:11,1393637051000,ESJ0511,2,6,6,21.0
02,,BD5736,B6374,B6374,2,0,113.836884,22.721767,0.000000,14-3-1 9:24:41,1393637081000,17.000000,318.000000,17.000000,0.000000,ESJ0510,14-3-1 9:24:41,1393637081000,ESJ0511,2,0,6,69.0
00,,BD5736,B6374,B6374,2,0,113.836464,22.722219,0.000000,14-3-1 9:24:51,1393637091000,23.000000,317.000000,23.000000,0.000000,2,0,7,134.0
01,,BD5736,B6374,B6374,2,0,113.836029,22.722660,0.000000,14-3-1 9:25:1,1393637101000,21.000000,319.000000,21.000000,0.000000,ESJ0511,14-3-1 9:25:1,1393637101000,ESJ0556,2,0,7,68.0
02,,BD5736,B6374,B6374,2,0,113.835312,22.723400,0.000000,14-3-1 9:25:31,1393637131000,19.000000,309.000000,19.000000,0.000000,ESJ0511,14-3-1 9:25:31,1393637131000,ESJ0556,2,7,7,43.0
00,,BD5736,B6374,B6374,2,0,113.835503,22.724407,0.000000,14-3-1 9:25:56,1393637156000,26.000000,20.000000,26.000000,0.000000,2,0,7,144.0
01,,BD5736,B6374,B6374,2,0,113.835869,22.725407,0.000000,14-3-1 9:26:6,1393637166000,36.000000,21.000000,36.000000,0.000000,ESJ0556,14-3-1 9:26:6,1393637166000,ESJ0211,2,8,8,39.0
02,,BD5736,B6374,B6374,2,0,113.836784,22.727600,0.000000,14-3-1 9:26:46,1393637206000,31.000000,20.000000,31.000000,0.000000,ESJ0556,14-3-1 9:26:46,1393637206000,ESJ0211,2,0,8,223.0
00,,BD5736,B6374,B6374,2,0,113.835938,22.728052,0.000000,14-3-1 9:27:31,1393637251000,19.000000,303.000000,19.000000,0.000000,2,0,9,171.0
01,,BD5736,B6374,B6374,2,0,113.835022,22.728943,0.000000,14-3-1 9:27:51,1393637271000,29.000000,325.000000,29.000000,0.000000,ESJ0211,14-3-1 9:27:51,1393637271000,ESJ0210,2,9,9,34.0
02,,BD5736,B6374,B6374,2,0,113.834190,22.729662,0.000000,14-3-1 9:28:11,1393637291000,30.000000,316.000000,30.000000,0.000000,ESJ0211,14-3-1 9:28:11,1393637291000,ESJ0210,2,0,9,83.0
00,,BD5736,B6374,B6374,2,0,113.832512,22.731062,0.000000,14-3-1 9:28:31,1393637311000,43.000000,303.000000,43.000000,0.000000,2,0,10,213.0
00,,BD5736,B6374,B6374,2,0,113.831459,22.731743,0.000000,14-3-1 9:28:41,1393637321000,49.000000,305.000000,49.000000,0.000000,2,0,10,81.0
01,,BD5736,B6374,B6374,2,0,113.830742,22.732212,0.000000,14-3-1 9:28:51,1393637331000,10.000000,303.000000,10.000000,0.000000,ESJ0210,14-3-1 9:28:51,1393637331000,ESJ0218,2,10,10,10.0
02,,BD5736,B6374,B6374,2,0,113.829170,22.732025,0.000000,14-3-1 9:29:11,1393637351000,15.000000,241.000000,15.000000,0.000000,ESJ0210,14-3-1 9:29:11,1393637351000,ESJ0218,2,0,10,169.0
00,,BD5736,B6374,B6374,2,0,113.827690,22.731525,0.000000,14-3-1 9:29:31,1393637371000,31.000000,251.000000,31.000000,0.000000,2,0,11,172.0
01,,BD5736,B6374,B6374,2,0,113.826889,22.731266,0.000000,14-3-1 9:29:41,1393637381000,30.000000,250.000000,30.000000,0.000000,ESJ0218,14-3-1 9:29:41,1393637381000,ESJ0181,2,0,11,85.0
02,,BD5736,B6374,B6374,2,0,113.825554,22.730766,0.000000,14-3-1 9:30:11,1393637411000,28.000000,243.000000,28.000000,0.000000,ESJ0218,14-3-1 9:30:11,1393637411000,ESJ0181,2,11,11,63.0
00,,BD5736,B6374,B6374,2,0,113.824776,22.730553,0.000000,14-3-1 9:31:11,1393637471000,15.000000,243.000000,15.000000,0.000000,2,0,11,146.0
00,,BD5736,B6374,B6374,2,0,113.824226,22.730371,0.000000,14-3-1 9:31:21,1393637481000,23.000000,237.000000,23.000000,0.000000,2,0,11,206.0
00,,BD5736,B6374,B6374,2,0,113.824005,22.730116,0.000000,14-3-1 9:31:26,1393637486000,25.000000,192.000000,25.000000,0.000000,2,0,11,238.0
00,,BD5736,B6374,B6374,2,0,113.823936,22.729280,0.000000,14-3-1 9:31:37,1393637497000,32.000000,182.000000,32.000000,0.000000,2,0,12,155.0
01,,BD5736,B6374,B6374,2,0,113.823898,22.728512,0.000000,14-3-1 9:31:46,1393637506000,35.000000,183.000000,35.000000,0.000000,ESJ0181,14-3-1 9:31:46,1393637506000,ESJ0131,2,12,12,70.0
02,,BD5736,B6374,B6374,2,0,113.823837,22.727119,0.000000,14-3-1 9:32:6,1393637526000,29.000000,175.000000,29.000000,0.000000,ESJ0181,14-3-1 9:32:6,1393637526000,ESJ0131,2,0,12,86.0
00,,BD5736,B6374,B6374,2,0,113.823814,22.725245,0.000000,14-3-1 9:32:26,1393637546000,35.000000,181.000000,35.000000,0.000000,2,0,13,190.0
00,,BD5736,B6374,B6374,2,0,113.823975,22.724241,0.000000,14-3-1 9:33:46,1393637626000,26.000000,116.000000,26.000000,0.000000,2,0,13,106.0
01,,BD5736,B6374,B6374,2,0,113.824623,22.724001,0.000000,14-3-1 9:33:56,1393637636000,28.000000,106.000000,28.000000,0.000000,ESJ0131,14-3-1 9:33:56,1393637636000,ESJ0551,2,0,13,34.0
00,,BD5736,B6374,B6374,2,0,113.825111,22.723871,0.000000,14-3-1 9:34:46,1393637686000,13.000000,107.000000,13.000000,0.000000,2,13,13,19.0
02,,BD5736,B6374,B6374,2,0,113.825653,22.723682,0.000000,14-3-1 9:34:56,1393637696000,23.000000,108.000000,23.000000,0.000000,ESJ0131,14-3-1 9:34:56,1393637696000,ESJ0551,2,0,13,78.0
00,,BD5736,B6374,B6374,2,0,113.826157,22.722748,0.000000,14-3-1 9:35:26,1393637726000,23.000000,179.000000,23.000000,0.000000,2,0,13,178.0
00,,BD5736,B6374,B6374,2,0,113.826141,22.722277,0.000000,14-3-1 9:35:36,1393637736000,13.000000,170.000000,13.000000,0.000000,2,0,13,217.0
00,,BD5736,B6374,B6374,2,0,113.826805,22.722036,0.000000,14-3-1 9:36:1,1393637761000,8.000000,111.000000,8.000000,0.000000,2,0,13,281.0
00,,BD5736,B6374,B6374,2,0,113.827103,22.721960,0.000000,14-3-1 9:36:11,1393637771000,18.000000,107.000000,18.000000,0.000000,2,0,13,309.0
00,,BD5736,B6374,B6374,2,0,113.827766,22.721756,0.000000,14-3-1 9:36:21,1393637781000,22.000000,107.000000,22.000000,0.000000,2,0,13,375.0
00,,BD5736,B6374,B6374,2,0,113.827888,22.720984,0.000000,14-3-1 9:36:41,1393637801000,32.000000,171.000000,32.000000,0.000000,2,0,13,443.0
00,,BD5736,B6374,B6374,2,0,113.827713,22.720083,0.000000,14-3-1 9:36:51,1393637811000,37.000000,186.000000,37.000000,0.000000,2,0,13,510.0
00,,BD5736,B6374,B6374,2,0,113.827591,22.719160,0.000000,14-3-1 9:37:1,1393637821000,34.000000,187.000000,34.000000,0.000000,2,0,14,541.0
00,,BD5736,B6374,B6374,2,0,113.827438,22.718428,0.000000,14-3-1 9:37:11,1393637831000,29.000000,187.000000,29.000000,0.000000,2,0,14,474.0
00,,BD5736,B6374,B6374,2,0,113.827332,22.717623,0.000000,14-3-1 9:37:21,1393637841000,27.000000,189.000000,27.000000,0.000000,2,0,14,404.0
00,,BD5736,B6374,B6374,2,0,113.827309,22.717136,0.000000,14-3-1 9:37:31,1393637851000,16.000000,156.000000,16.000000,0.000000,2,0,14,363.0
00,,BD5736,B6374,B6374,2,0,113.827553,22.717052,0.000000,14-3-1 9:37:36,1393637856000,21.000000,101.000000,21.000000,0.000000,2,0,14,340.0
00,,BD5736,B6374,B6374,2,0,113.828140,22.717028,0.000000,14-3-1 9:37:46,1393637866000,12.000000,100.000000,12.000000,0.000000,2,0,14,303.0
01,,BD5736,B6374,B6374,2,0,113.828751,22.715996,0.000000,14-3-1 9:38:51,1393637931000,10.000000,188.000000,10.000000,0.000000,ESJ0551,14-3-1 9:38:51,1393637931000,2,0,14,172.0
00,,BD5736,B6374,B6374,2,0,113.828590,22.715616,0.000000,14-3-1 9:39:1,1393637941000,16.000000,200.000000,16.000000,0.000000,2,14,14,150.0
