00,,BD5828,B6374,B6374,2,0,113.852219,22.707031,0.000000,14-3-1 8:20:39,1393633239000,20.000000,23.000000,20.000000,0.000000,2,0,1,177.0
00,,BD5828,B6374,B6374,2,0,113.852501,22.707560,0.000000,14-3-1 8:20:49,1393633249000,24.000000,24.000000,24.000000,0.000000,2,0,1,241.0
00,,BD5828,B6374,B6374,2,0,113.852936,22.708084,0.000000,14-3-1 8:20:59,1393633259000,25.000000,38.000000,25.000000,0.000000,2,0,1,311.0
00,,BD5828,B6374,B6374,2,0,113.853271,22.708715,0.000000,14-3-1 8:21:9,1393633269000,28.000000,12.000000,28.000000,0.000000,2,0,1,389.0
00,,BD5828,B6374,B6374,2,0,113.853271,22.709396,0.000000,14-3-1 8:21:19,1393633279000,28.000000,351.000000,28.000000,0.000000,2,0,1,460.0
02,,BD5828,B6374,B6374,2,0,113.852798,22.709982,0.000000,14-3-1 8:21:29,1393633289000,26.000000,286.000000,26.000000,0.000000,ESJ0721,14-3-1 8:21:29,1393633289000,ESJ0048,2,0,1,511.0
00,,BD5828,B6374,B6374,2,0,113.850914,22.710463,0.000000,14-3-1 8:21:59,1393633319000,14.000000,311.000000,14.000000,0.000000,2,0,2,470.0
00,,BD5828,B6374,B6374,2,0,113.851059,22.711063,0.000000,14-3-1 8:22:14,1393633334000,21.000000,11.000000,21.000000,0.000000,2,0,2,407.0
00,,BD5828,B6374,B6374,2,0,113.851288,22.711576,0.000000,14-3-1 8:22:24,1393633344000,21.000000,14.000000,21.000000,0.000000,2,0,2,357.0
00,,BD5828,B6374,B6374,2,0,113.851524,22.711912,0.000000,14-3-1 8:22:34,1393633354000,14.000000,31.000000,14.000000,0.000000,2,0,2,330.0
00,,BD5828,B6374,B6374,2,0,113.851784,22.712343,0.000000,14-3-1 8:22:44,1393633364000,18.000000,31.000000,18.000000,0.000000,2,0,2,299.0
00,,BD5828,B6374,B6374,2,0,113.851334,22.713043,0.000000,14-3-1 8:22:59,1393633379000,26.000000,310.000000,26.000000,0.000000,2,0,2,208.0
00,,BD5828,B6374,B6374,2,0,113.850700,22.713524,0.000000,14-3-1 8:23:9,1393633389000,30.000000,307.000000,30.000000,0.000000,2,0,2,132.0
01,,BD5828,B6374,B6374,2,0,113.850159,22.713987,0.000000,14-3-1 8:23:19,1393633399000,19.000000,312.000000,19.000000,0.000000,ESJ0048,14-3-1 8:23:19,1393633399000,ESJ0041,2,2,2,75.0
02,,BD5828,B6374,B6374,2,0,113.850555,22.715303,0.000000,14-3-1 8:24:14,1393633454000,8.000000,24.000000,8.000000,0.000000,ESJ0048,14-3-1 8:24:14,1393633454000,ESJ0041,2,0,2,78.0
01,,BD5828,B6374,B6374,2,0,113.850662,22.715816,0.000000,14-3-1 8:25:9,1393633509000,15.000000,357.000000,15.000000,0.000000,ESJ0041,14-3-1 8:25:9,1393633509000,ESG0612,2,0,3,99.0
02,,BD5828,B6374,B6374,2,0,113.849937,22.716251,0.000000,14-3-1 8:25:44,1393633544000,25.000000,289.000000,25.000000,0.000000,ESJ0041,14-3-1 8:25:44,1393633544000,ESG0612,2,3,3,10.0
00,,BD5828,B6374,B6374,2,0,113.848244,22.716871,0.000000,14-3-1 8:26:4,1393633564000,31.000000,291.000000,31.000000,0.000000,2,0,3,178.0
00,,BD5828,B6374,B6374,2,0,113.847610,22.717093,0.000000,14-3-1 8:26:14,1393633574000,24.000000,287.000000,24.000000,0.000000,2,0,3,247.0
00,,BD5828,B6374,B6374,2,0,113.846863,22.717400,0.000000,14-3-1 8:26:24,1393633584000,32.000000,296.000000,32.000000,0.000000,2,0,3,331.0
00,,BD5828,B6374,B6374,2,0,113.846191,22.717855,0.000000,14-3-1 8:26:34,1393633594000,30.000000,304.000000,30.000000,0.000000,2,0,3,414.0
00,,BD5828,B6374,B6374,2,0,113.845573,22.718306,0.000000,14-3-1 8:26:44,1393633604000,23.000000,306.000000,23.000000,0.000000,2,0,4,360.0
00,,BD5828,B6374,B6374,2,0,113.844955,22.718683,0.000000,14-3-1 8:26:54,1393633614000,32.000000,308.000000,32.000000,0.000000,2,0,4,285.0
00,,BD5828,B6374,B6374,2,0,113.844429,22.719095,0.000000,14-3-1 8:27:4,1393633624000,21.000000,308.000000,21.000000,0.000000,2,0,4,216.0
00,,BD5828,B6374,B6374,2,0,113.843941,22.719461,0.000000,14-3-1 8:27:24,1393633644000,13.000000,309.000000,13.000000,0.000000,2,0,4,156.0
01,,BD5828,B6374,B6374,2,0,113.843475,22.719671,0.000000,14-3-1 8:27:34,1393633654000,17.000000,282.000000,17.000000,0.000000,ESG0612,14-3-1 8:27:34,1393633654000,ESJ0044,2,0,4,104.0
02,,BD5828,B6374,B6374,2,0,113.842247,22.719856,0.000000,14-3-1 8:27:54,1393633674000,27.000000,262.000000,27.000000,0.000000,ESG0612,14-3-1 8:27:54,1393633674000,ESJ0044,2,4,4,24.0
00,,BD5828,B6374,B6374,2,0,113.840935,22.719933,0.000000,14-3-1 8:28:14,1393633694000,23.000000,274.000000,23.000000,0.000000,2,0,4,158.0
00,,BD5828,B6374,B6374,2,0,113.840225,22.720060,0.000000,14-3-1 8:28:24,1393633704000,28.000000,280.000000,28.000000,0.000000,2,0,5,89.0
01,,BD5828,B6374,B6374,2,0,113.839584,22.720146,0.000000,14-3-1 8:28:34,1393633714000,15.000000,277.000000,15.000000,0.000000,ESJ0044,14-3-1 8:28:34,1393633714000,ESJ0510,2,5,5,22.0
00,,BD5828,B6374,B6374,2,0,113.839096,22.720226,0.000000,14-3-1 8:28:54,1393633734000,20.000000,289.000000,20.000000,0.000000,2,0,5,29.0
02,,BD5828,B6374,B6374,2,0,113.838448,22.720383,0.000000,14-3-1 8:29:4,1393633744000,26.000000,288.000000,26.000000,0.000000,ESJ0044,14-3-1 8:29:4,1393633744000,ESJ0510,2,0,5,98.0
01,,BD5828,B6374,B6374,2,0,113.837814,22.720821,0.000000,14-3-1 8:29:14,1393633754000,29.000000,316.000000,29.000000,0.000000,ESJ0510,14-3-1 8:29:14,1393633754000,ESJ0511,2,0,6,74.0
00,,BD5828,B6374,B6374,2,0,113.836975,22.721613,0.000000,14-3-1 8:29:34,1393633774000,14.000000,309.000000,14.000000,0.000000,2,6,6,51.0
02,,BD5828,B6374,B6374,2,0,113.836563,22.722082,0.000000,14-3-1 8:29:44,1393633784000,24.000000,318.000000,24.000000,0.000000,ESJ0510,14-3-1 8:29:44,1393633784000,ESJ0511,2,0,6,117.0
01,,BD5828,B6374,B6374,2,0,113.836060,22.722649,0.000000,14-3-1 8:29:54,1393633794000,31.000000,323.000000,31.000000,0.000000,ESJ0511,14-3-1 8:29:54,1393633794000,ESJ0556,2,7,7,71.0
02,,BD5828,B6374,B6374,2,0,113.835205,22.723686,0.000000,14-3-1 8:30:34,1393633834000,13.000000,17.000000,13.000000,0.000000,ESJ0511,14-3-1 8:30:34,1393633834000,ESJ0556,2,0,7,75.0
01,,BD5828,B6374,B6374,2,0,113.835922,22.725422,0.000000,14-3-1 8:30:54,1393633854000,27.000000,20.000000,27.000000,0.000000,ESJ0556,14-3-1 8:30:54,1393633854000,ESJ0211,2,8,8,36.0
00,,BD5828,B6374,B6374,2,0,113.836235,22.726007,0.000000,14-3-1 8:31:24,1393633884000,21.000000,23.000000,21.000000,0.000000,2,0,8,38.0
02,,BD5828,B6374,B6374,2,0,113.836502,22.726835,0.000000,14-3-1 8:31:34,1393633894000,31.000000,17.000000,31.000000,0.000000,ESJ0556,14-3-1 8:31:34,1393633894000,ESJ0211,2,0,8,133.0
00,,BD5828,B6374,B6374,2,0,113.836884,22.727766,0.000000,14-3-1 8:31:44,1393633904000,37.000000,23.000000,37.000000,0.000000,2,0,8,243.0
00,,BD5828,B6374,B6374,2,0,113.837662,22.727833,0.000000,14-3-1 8:31:59,1393633919000,28.000000,170.000000,28.000000,0.000000,2,0,8,289.0
00,,BD5828,B6374,B6374,2,0,113.837273,22.727707,0.000000,14-3-1 8:32:4,1393633924000,30.000000,281.000000,30.000000,0.000000,2,0,8,255.0
00,,BD5828,B6374,B6374,2,0,113.836235,22.727976,0.000000,14-3-1 8:32:14,1393633934000,34.000000,291.000000,34.000000,0.000000,2,0,9,198.0
00,,BD5828,B6374,B6374,2,0,113.835526,22.728392,0.000000,14-3-1 8:32:24,1393633944000,29.000000,307.000000,29.000000,0.000000,2,0,9,114.0
01,,BD5828,B6374,B6374,2,0,113.835114,22.728962,0.000000,14-3-1 8:32:34,1393633954000,21.000000,320.000000,21.000000,0.000000,ESJ0211,14-3-1 8:32:34,1393633954000,ESJ0210,2,9,9,40.0
02,,BD5828,B6374,B6374,2,0,113.834114,22.729792,0.000000,14-3-1 8:33:4,1393633984000,30.000000,318.000000,30.000000,0.000000,ESJ0211,14-3-1 8:33:4,1393633984000,ESJ0210,2,0,9,99.0
00,,BD5828,B6374,B6374,2,0,113.832863,22.730885,0.000000,14-3-1 8:33:24,1393634004000,23.000000,305.000000,23.000000,0.000000,2,0,10,254.0
00,,BD5828,B6374,B6374,2,0,113.832146,22.731337,0.000000,14-3-1 8:33:34,1393634014000,33.000000,306.000000,33.000000,0.000000,2,0,10,164.0
00,,BD5828,B6374,B6374,2,0,113.831360,22.731848,0.000000,14-3-1 8:33:44,1393634024000,32.000000,303.000000,32.000000,0.000000,2,0,10,66.0
01,,BD5828,B6374,B6374,2,0,113.830887,22.732162,0.000000,14-3-1 8:33:54,1393634034000,12.000000,294.000000,12.000000,0.000000,ESJ0210,14-3-1 8:33:54,1393634034000,ESJ0218,2,10,10,8.0
00,,BD5828,B6374,B6374,2,0,113.830460,22.732225,0.000000,14-3-1 8:34:14,1393634054000,22.000000,281.000000,22.000000,0.000000,2,0,10,37.0
02,,BD5828,B6374,B6374,2,0,113.829605,22.732172,0.000000,14-3-1 8:34:24,1393634064000,32.000000,270.000000,32.000000,0.000000,ESJ0210,14-3-1 8:34:24,1393634064000,ESJ0218,2,0,10,124.0
00,,BD5828,B6374,B6374,2,0,113.828026,22.731676,0.000000,14-3-1 8:34:44,1393634084000,26.000000,249.000000,26.000000,0.000000,2,0,11,210.0
00,,BD5828,B6374,B6374,2,0,113.827278,22.731424,0.000000,14-3-1 8:34:54,1393634094000,24.000000,254.000000,24.000000,0.000000,2,0,11,129.0
01,,BD5828,B6374,B6374,2,0,113.826538,22.731213,0.000000,14-3-1 8:35:4,1393634104000,33.000000,252.000000,33.000000,0.000000,ESJ0218,14-3-1 8:35:4,1393634104000,ESJ0181,2,11,11,50.0
02,,BD5828,B6374,B6374,2,0,113.825264,22.730772,0.000000,14-3-1 8:35:24,1393634124000,26.000000,247.000000,26.000000,0.000000,ESJ0218,14-3-1 8:35:24,1393634124000,ESJ0181,2,0,11,91.0
00,,BD5828,B6374,B6374,2,0,113.823875,22.728600,0.000000,14-3-1 8:38:34,1393634314000,38.000000,184.000000,38.000000,0.000000,2,0,12,79.0
01,,BD5828,B6374,B6374,2,0,113.823853,22.727766,0.000000,14-3-1 8:38:44,1393634324000,27.000000,179.000000,27.000000,0.000000,ESJ0181,14-3-1 8:38:44,1393634324000,ESJ0131,2,12,12,14.0
02,,BD5828,B6374,B6374,2,0,113.823853,22.727112,0.000000,14-3-1 8:39:4,1393634344000,26.000000,182.000000,26.000000,0.000000,ESJ0181,14-3-1 8:39:4,1393634344000,ESJ0131,2,0,12,86.0
00,,BD5828,B6374,B6374,2,0,113.823830,22.725248,0.000000,14-3-1 8:39:24,1393634364000,28.000000,176.000000,28.000000,0.000000,2,0,13,190.0
00,,BD5828,B6374,B6374,2,0,113.823776,22.724667,0.000000,14-3-1 8:40:34,1393634434000,19.000000,184.000000,19.000000,0.000000,2,0,13,147.0
00,,BD5828,B6374,B6374,2,0,113.823853,22.724266,0.000000,14-3-1 8:40:44,1393634444000,14.000000,141.000000,14.000000,0.000000,2,0,13,118.0
01,,BD5828,B6374,B6374,2,0,113.824593,22.724072,0.000000,14-3-1 8:40:59,1393634459000,24.000000,108.000000,24.000000,0.000000,ESJ0131,14-3-1 8:40:59,1393634459000,ESJ0551,2,0,13,40.0
00,,BD5828,B6374,B6374,2,0,113.825142,22.723976,0.000000,14-3-1 8:41:24,1393634484000,14.000000,77.000000,14.000000,0.000000,2,13,13,25.0
