00,,BD5736,B6374,B6374,2,0,113.852135,22.706982,0.000000,14-3-1 7:33:36,1393630416000,21.000000,19.000000,21.000000,0.000000,2,0,1,170.0
00,,BD5736,B6374,B6374,2,0,113.852470,22.707611,0.000000,14-3-1 7:33:46,1393630426000,29.000000,36.000000,29.000000,0.000000,2,0,1,246.0
00,,BD5736,B6374,B6374,2,0,113.853073,22.708300,0.000000,14-3-1 7:33:56,1393630436000,33.000000,37.000000,33.000000,0.000000,2,0,1,338.0
00,,BD5736,B6374,B6374,2,0,113.853333,22.709082,0.000000,14-3-1 7:34:6,1393630446000,32.000000,4.000000,32.000000,0.000000,2,0,1,429.0
00,,BD5736,B6374,B6374,2,0,113.853096,22.709860,0.000000,14-3-1 7:34:16,1393630456000,30.000000,321.000000,30.000000,0.000000,2,0,1,504.0
02,,BD5736,B6374,B6374,2,0,113.852707,22.710007,0.000000,14-3-1 7:34:21,1393630461000,32.000000,283.000000,32.000000,0.000000,ESJ0721,14-3-1 7:34:21,1393630461000,ESJ0048,2,0,1,512.0
00,,BD5736,B6374,B6374,2,0,113.851196,22.710316,0.000000,14-3-1 7:34:41,1393630481000,24.000000,282.000000,24.000000,0.000000,2,0,2,491.0
00,,BD5736,B6374,B6374,2,0,113.851044,22.710581,0.000000,14-3-1 7:34:51,1393630491000,19.000000,17.000000,19.000000,0.000000,2,0,2,459.0
00,,BD5736,B6374,B6374,2,0,113.851234,22.711231,0.000000,14-3-1 7:35:1,1393630501000,29.000000,13.000000,29.000000,0.000000,2,0,2,392.0
00,,BD5736,B6374,B6374,2,0,113.851463,22.711908,0.000000,14-3-1 7:35:11,1393630511000,25.000000,21.000000,25.000000,0.000000,2,0,2,328.0
00,,BD5736,B6374,B6374,2,0,113.851746,22.712416,0.000000,14-3-1 7:35:21,1393630521000,25.000000,23.000000,25.000000,0.000000,2,0,2,290.0
00,,BD5736,B6374,B6374,2,0,113.851822,22.712666,0.000000,14-3-1 7:35:26,1393630526000,20.000000,351.000000,20.000000,0.000000,2,0,2,271.0
00,,BD5736,B6374,B6374,2,0,113.851646,22.712912,0.000000,14-3-1 7:35:31,1393630531000,23.000000,316.000000,23.000000,0.000000,2,0,2,238.0
00,,BD5736,B6374,B6374,2,0,113.851112,22.713343,0.000000,14-3-1 7:35:41,1393630541000,26.000000,314.000000,26.000000,0.000000,2,0,2,168.0
00,,BD5736,B6374,B6374,2,0,113.850586,22.713762,0.000000,14-3-1 7:35:51,1393630551000,22.000000,310.000000,22.000000,0.000000,2,0,2,103.0
01,,BD5736,B6374,B6374,2,0,113.850174,22.714132,0.000000,14-3-1 7:36:1,1393630561000,17.000000,314.000000,17.000000,0.000000,ESJ0048,14-3-1 7:36:1,1393630561000,ESJ0041,2,2,2,58.0
01,,BD5736,B6374,B6374,2,0,113.850533,22.715561,0.000000,14-3-1 7:36:46,1393630606000,19.000000,21.000000,19.000000,0.000000,ESJ0041,14-3-1 7:36:46,1393630606000,ESG0612,2,0,2,105.0
02,,BD5736,B6374,B6374,2,0,113.850533,22.715561,0.000000,14-3-1 7:36:46,1393630606000,19.000000,21.000000,19.000000,0.000000,ESJ0048,14-3-1 7:36:46,1393630606000,ESJ0041,2,0,2,105.0
00,,BD5736,B6374,B6374,2,0,113.850624,22.716017,0.000000,14-3-1 7:38:16,1393630696000,17.000000,314.000000,17.000000,0.000000,2,0,3,85.0
00,,BD5736,B6374,B6374,2,0,113.850174,22.716183,0.000000,14-3-1 7:38:26,1393630706000,21.000000,291.000000,21.000000,0.000000,2,3,3,35.0
02,,BD5736,B6374,B6374,2,0,113.849472,22.716427,0.000000,14-3-1 7:38:36,1393630716000,31.000000,292.000000,31.000000,0.000000,ESJ0041,14-3-1 7:38:36,1393630716000,ESG0612,2,0,3,42.0
00,,BD5736,B6374,B6374,2,0,113.847862,22.717005,0.000000,14-3-1 7:38:56,1393630736000,26.000000,290.000000,26.000000,0.000000,2,0,3,220.0
00,,BD5736,B6374,B6374,2,0,113.847282,22.717199,0.000000,14-3-1 7:39:6,1393630746000,25.000000,289.000000,25.000000,0.000000,2,0,3,283.0
00,,BD5736,B6374,B6374,2,0,113.846771,22.717451,0.000000,14-3-1 7:39:16,1393630756000,21.000000,298.000000,21.000000,0.000000,2,0,3,342.0
00,,BD5736,B6374,B6374,2,0,113.846237,22.717821,0.000000,14-3-1 7:39:26,1393630766000,27.000000,307.000000,27.000000,0.000000,2,0,3,409.0
00,,BD5736,B6374,B6374,2,0,113.845634,22.718216,0.000000,14-3-1 7:39:36,1393630776000,22.000000,305.000000,22.000000,0.000000,2,0,4,370.0
00,,BD5736,B6374,B6374,2,0,113.845169,22.718555,0.000000,14-3-1 7:39:46,1393630786000,23.000000,307.000000,23.000000,0.000000,2,0,4,311.0
00,,BD5736,B6374,B6374,2,0,113.844574,22.718967,0.000000,14-3-1 7:39:56,1393630796000,29.000000,307.000000,29.000000,0.000000,2,0,4,236.0
00,,BD5736,B6374,B6374,2,0,113.844009,22.719433,0.000000,14-3-1 7:40:6,1393630806000,21.000000,310.000000,21.000000,0.000000,2,0,4,163.0
01,,BD5736,B6374,B6374,2,0,113.843552,22.719624,0.000000,14-3-1 7:40:16,1393630816000,18.000000,299.000000,18.000000,0.000000,ESG0612,14-3-1 7:40:16,1393630816000,ESJ0044,2,0,4,113.0
00,,BD5736,B6374,B6374,2,0,113.842613,22.719828,0.000000,14-3-1 7:40:36,1393630836000,18.000000,279.000000,18.000000,0.000000,2,4,4,14.0
02,,BD5736,B6374,B6374,2,0,113.842072,22.719835,0.000000,14-3-1 7:40:46,1393630846000,19.000000,270.000000,19.000000,0.000000,ESG0612,14-3-1 7:40:46,1393630846000,ESJ0044,2,0,4,41.0
00,,BD5736,B6374,B6374,2,0,113.841209,22.719881,0.000000,14-3-1 7:41:6,1393630866000,19.000000,269.000000,19.000000,0.000000,2,0,4,130.0
00,,BD5736,B6374,B6374,2,0,113.840546,22.719942,0.000000,14-3-1 7:41:16,1393630876000,26.000000,280.000000,26.000000,0.000000,2,0,5,123.0
01,,BD5736,B6374,B6374,2,0,113.839790,22.720049,0.000000,14-3-1 7:41:26,1393630886000,27.000000,279.000000,27.000000,0.000000,ESJ0044,14-3-1 7:41:26,1393630886000,ESJ0510,2,5,5,45.0
02,,BD5736,B6374,B6374,2,0,113.838799,22.720264,0.000000,14-3-1 7:41:46,1393630906000,20.000000,283.000000,20.000000,0.000000,ESJ0044,14-3-1 7:41:46,1393630906000,ESJ0510,2,0,5,60.0
01,,BD5736,B6374,B6374,2,0,113.837692,22.721052,0.000000,14-3-1 7:42:6,1393630926000,27.000000,318.000000,27.000000,0.000000,ESJ0510,14-3-1 7:42:6,1393630926000,ESJ0511,2,6,6,46.0
02,,BD5736,B6374,B6374,2,0,113.836937,22.721756,0.000000,14-3-1 7:42:36,1393630956000,18.000000,315.000000,18.000000,0.000000,ESJ0510,14-3-1 7:42:36,1393630956000,ESJ0511,2,0,6,64.0
01,,BD5736,B6374,B6374,2,0,113.836029,22.722767,0.000000,14-3-1 7:42:56,1393630976000,27.000000,321.000000,27.000000,0.000000,ESJ0511,14-3-1 7:42:56,1393630976000,ESJ0556,2,7,7,59.0
02,,BD5736,B6374,B6374,2,0,113.835213,22.723637,0.000000,14-3-1 7:43:16,1393630996000,18.000000,318.000000,18.000000,0.000000,ESJ0511,14-3-1 7:43:16,1393630996000,ESJ0556,2,0,7,70.0
01,,BD5736,B6374,B6374,2,0,113.835785,22.725157,0.000000,14-3-1 7:43:41,1393631021000,32.000000,19.000000,32.000000,0.000000,ESJ0556,14-3-1 7:43:41,1393631021000,ESJ0211,2,8,8,68.0
02,,BD5736,B6374,B6374,2,0,113.836250,22.726362,0.000000,14-3-1 7:44:1,1393631041000,25.000000,19.000000,25.000000,0.000000,ESJ0556,14-3-1 7:44:1,1393631041000,ESJ0211,2,0,8,74.0
00,,BD5736,B6374,B6374,2,0,113.837288,22.727644,0.000000,14-3-1 7:44:41,1393631081000,26.000000,261.000000,26.000000,0.000000,2,0,8,250.0
00,,BD5736,B6374,B6374,2,0,113.836540,22.727823,0.000000,14-3-1 7:44:51,1393631091000,29.000000,289.000000,29.000000,0.000000,2,0,9,233.0
00,,BD5736,B6374,B6374,2,0,113.835762,22.728148,0.000000,14-3-1 7:45:1,1393631101000,27.000000,305.000000,27.000000,0.000000,2,0,9,150.0
00,,BD5736,B6374,B6374,2,0,113.835289,22.728628,0.000000,14-3-1 7:45:11,1393631111000,17.000000,320.000000,17.000000,0.000000,2,0,9,78.0
01,,BD5736,B6374,B6374,2,0,113.834961,22.729025,0.000000,14-3-1 7:45:21,1393631121000,14.000000,316.000000,14.000000,0.000000,ESJ0211,14-3-1 7:45:21,1393631121000,ESJ0210,2,9,9,23.0
02,,BD5736,B6374,B6374,2,0,113.834137,22.729748,0.000000,14-3-1 7:45:41,1393631141000,30.000000,320.000000,30.000000,0.000000,ESJ0211,14-3-1 7:45:41,1393631141000,ESJ0210,2,0,9,94.0
00,,BD5736,B6374,B6374,2,0,113.832878,22.730892,0.000000,14-3-1 7:46:1,1393631161000,25.000000,304.000000,25.000000,0.000000,2,0,10,254.0
00,,BD5736,B6374,B6374,2,0,113.832321,22.731241,0.000000,14-3-1 7:46:11,1393631171000,32.000000,305.000000,32.000000,0.000000,2,0,10,185.0
00,,BD5736,B6374,B6374,2,0,113.831627,22.731756,0.000000,14-3-1 7:46:21,1393631181000,31.000000,306.000000,31.000000,0.000000,2,0,10,95.0
01,,BD5736,B6374,B6374,2,0,113.830940,22.732132,0.000000,14-3-1 7:46:31,1393631191000,20.000000,293.000000,20.000000,0.000000,ESJ0210,14-3-1 7:46:31,1393631191000,ESJ0218,2,10,10,13.0
02,,BD5736,B6374,B6374,2,0,113.829887,22.732252,0.000000,14-3-1 7:46:51,1393631211000,23.000000,265.000000,23.000000,0.000000,ESJ0210,14-3-1 7:46:51,1393631211000,ESJ0218,2,0,10,96.0
00,,BD5736,B6374,B6374,2,0,113.828430,22.731779,0.000000,14-3-1 7:47:11,1393631231000,18.000000,251.000000,18.000000,0.000000,2,0,10,248.0
00,,BD5736,B6374,B6374,2,0,113.827965,22.731628,0.000000,14-3-1 7:47:21,1393631241000,16.000000,251.000000,16.000000,0.000000,2,0,11,203.0
00,,BD5736,B6374,B6374,2,0,113.827362,22.731421,0.000000,14-3-1 7:47:31,1393631251000,26.000000,250.000000,26.000000,0.000000,2,0,11,137.0
01,,BD5736,B6374,B6374,2,0,113.826561,22.731155,0.000000,14-3-1 7:47:41,1393631261000,30.000000,250.000000,30.000000,0.000000,ESJ0218,14-3-1 7:47:41,1393631261000,ESJ0181,2,11,11,49.0
02,,BD5736,B6374,B6374,2,0,113.825378,22.730742,0.000000,14-3-1 7:48:1,1393631281000,29.000000,250.000000,29.000000,0.000000,ESJ0218,14-3-1 7:48:1,1393631281000,ESJ0181,2,0,11,81.0
00,,BD5736,B6374,B6374,2,0,113.824577,22.730465,0.000000,14-3-1 7:49:41,1393631381000,12.000000,245.000000,12.000000,0.000000,2,0,11,169.0
00,,BD5736,B6374,B6374,2,0,113.824135,22.730204,0.000000,14-3-1 7:49:51,1393631391000,14.000000,217.000000,14.000000,0.000000,2,0,11,222.0
00,,BD5736,B6374,B6374,2,0,113.823952,22.729748,0.000000,14-3-1 7:50:1,1393631401000,24.000000,206.000000,24.000000,0.000000,2,0,12,207.0
00,,BD5736,B6374,B6374,2,0,113.823898,22.729012,0.000000,14-3-1 7:50:11,1393631411000,30.000000,189.000000,30.000000,0.000000,2,0,12,125.0
01,,BD5736,B6374,B6374,2,0,113.823853,22.728287,0.000000,14-3-1 7:50:21,1393631421000,26.000000,182.000000,26.000000,0.000000,ESJ0181,14-3-1 7:50:21,1393631421000,ESJ0131,2,12,12,45.0
02,,BD5736,B6374,B6374,2,0,113.823853,22.727276,0.000000,14-3-1 7:50:51,1393631451000,22.000000,175.000000,22.000000,0.000000,ESJ0181,14-3-1 7:50:51,1393631451000,ESJ0131,2,0,12,68.0
00,,BD5736,B6374,B6374,2,0,113.823738,22.725157,0.000000,14-3-1 7:51:21,1393631481000,26.000000,181.000000,26.000000,0.000000,2,0,13,188.0
00,,BD5736,B6374,B6374,2,0,113.823738,22.724701,0.000000,14-3-1 7:51:31,1393631491000,12.000000,182.000000,12.000000,0.000000,2,0,13,153.0
00,,BD5736,B6374,B6374,2,0,113.823936,22.724266,0.000000,14-3-1 7:53:51,1393631631000,22.000000,107.000000,22.000000,0.000000,2,0,13,110.0
01,,BD5736,B6374,B6374,2,0,113.824638,22.724024,0.000000,14-3-1 7:54:1,1393631641000,27.000000,113.000000,27.000000,0.000000,ESJ0131,14-3-1 7:54:1,1393631641000,ESJ0551,2,13,13,34.0
02,,BD5736,B6374,B6374,2,0,113.825523,22.723763,0.000000,14-3-1 7:54:21,1393631661000,24.000000,107.000000,24.000000,0.000000,ESJ0131,14-3-1 7:54:21,1393631661000,ESJ0551,2,0,13,63.0
00,,BD5736,B6374,B6374,2,0,113.826073,22.722685,0.000000,14-3-1 7:54:46,1393631686000,22.000000,190.000000,22.000000,0.000000,2,0,13,177.0
00,,BD5736,B6374,B6374,2,0,113.826141,22.722265,0.000000,14-3-1 7:54:56,1393631696000,15.000000,176.000000,15.000000,0.000000,2,0,13,218.0
00,,BD5736,B6374,B6374,2,0,113.826561,22.722139,0.000000,14-3-1 7:55:6,1393631706000,21.000000,132.000000,21.000000,0.000000,2,0,13,256.0
00,,BD5736,B6374,B6374,2,0,113.827118,22.721985,0.000000,14-3-1 7:55:16,1393631716000,21.000000,112.000000,21.000000,0.000000,2,0,13,308.0
00,,BD5736,B6374,B6374,2,0,113.827698,22.721823,0.000000,14-3-1 7:55:26,1393631726000,20.000000,108.000000,20.000000,0.000000,2,0,13,365.0
00,,BD5736,B6374,B6374,2,0,113.827965,22.721601,0.000000,14-3-1 7:55:36,1393631736000,16.000000,189.000000,16.000000,0.000000,2,0,13,402.0
00,,BD5736,B6374,B6374,2,0,113.827812,22.721041,0.000000,14-3-1 7:55:46,1393631746000,26.000000,188.000000,26.000000,0.000000,2,0,13,433.0
00,,BD5736,B6374,B6374,2,0,113.827690,22.720205,0.000000,14-3-1 7:55:56,1393631756000,31.000000,187.000000,31.000000,0.000000,2,0,13,497.0
00,,BD5736,B6374,B6374,2,0,113.827576,22.719404,0.000000,14-3-1 7:56:6,1393631766000,31.000000,186.000000,31.000000,0.000000,2,0,13,567.0
00,,BD5736,B6374,B6374,2,0,113.827469,22.718668,0.000000,14-3-1 7:56:16,1393631776000,25.000000,191.000000,25.000000,0.000000,2,0,14,497.0
00,,BD5736,B6374,B6374,2,0,113.827309,22.717968,0.000000,14-3-1 7:56:26,1393631786000,29.000000,185.000000,29.000000,0.000000,2,0,14,437.0
00,,BD5736,B6374,B6374,2,0,113.827202,22.717302,0.000000,14-3-1 7:56:36,1393631796000,14.000000,181.000000,14.000000,0.000000,2,0,14,384.0
00,,BD5736,B6374,B6374,2,0,113.827377,22.717176,0.000000,14-3-1 7:56:41,1393631801000,17.000000,102.000000,17.000000,0.000000,2,0,14,362.0
00,,BD5736,B6374,B6374,2,0,113.828026,22.717068,0.000000,14-3-1 7:56:51,1393631811000,23.000000,93.000000,23.000000,0.000000,2,0,14,313.0
00,,BD5736,B6374,B6374,2,0,113.828499,22.716991,0.000000,14-3-1 7:57:1,1393631821000,20.000000,102.000000,20.000000,0.000000,2,0,14,282.0
00,,BD5736,B6374,B6374,2,0,113.829010,22.716843,0.000000,14-3-1 7:57:11,1393631831000,14.000000,153.000000,14.000000,0.000000,2,0,14,249.0
01,,BD5736,B6374,B6374,2,0,113.828827,22.716187,0.000000,14-3-1 7:57:26,1393631846000,17.000000,192.000000,17.000000,0.000000,ESJ0551,14-3-1 7:57:26,1393631846000,2,0,14,187.0
00,,BD5736,B6374,B6374,2,0,113.828712,22.715693,0.000000,14-3-1 7:57:36,1393631856000,19.000000,190.000000,19.000000,0.000000,2,0,14,147.0
00,,BD5736,B6374,B6374,2,0,113.828659,22.715237,0.000000,14-3-1 7:57:46,1393631866000,16.000000,192.000000,16.000000,0.000000,2,14,14,118.0
