02,,BD5920,B6374,B6374,2,0,113.850349,22.715021,0.000000,14-3-1 9:38:31,1393637911000,13.000000,16.000000,13.000000,0.000000,ESJ0048,14-3-1 9:38:31,1393637911000,ESJ0041,2,2,2,42.0
01,,BD5920,B6374,B6374,2,0,113.850433,22.715391,0.000000,14-3-1 9:39:1,1393637941000,12.000000,19.000000,12.000000,0.000000,ESJ0041,14-3-1 9:39:1,1393637941000,ESG0612,2,0,2,84.0
00,,BD5920,B6374,B6374,2,0,113.850609,22.715742,0.000000,14-3-1 9:39:11,1393637951000,18.000000,30.000000,18.000000,0.000000,2,0,3,100.0
00,,BD5920,B6374,B6374,2,0,113.850571,22.716047,0.000000,14-3-1 9:41:20,1393638080000,16.000000,302.000000,16.000000,0.000000,2,0,3,78.0
00,,BD5920,B6374,B6374,2,0,113.850296,22.716171,0.000000,14-3-1 9:41:40,1393638100000,12.000000,296.000000,12.000000,0.000000,2,0,3,47.0
02,,BD5920,B6374,B6374,2,0,113.849770,22.716335,0.000000,14-3-1 9:41:50,1393638110000,22.000000,288.000000,22.000000,0.000000,ESJ0041,14-3-1 9:41:50,1393638110000,ESG0612,2,3,3,10.0
00,,BD5920,B6374,B6374,2,0,113.848221,22.716896,0.000000,14-3-1 9:42:10,1393638130000,20.000000,291.000000,20.000000,0.000000,2,0,3,181.0
00,,BD5920,B6374,B6374,2,0,113.847633,22.717089,0.000000,14-3-1 9:42:20,1393638140000,26.000000,290.000000,26.000000,0.000000,2,0,3,245.0
00,,BD5920,B6374,B6374,2,0,113.847038,22.717308,0.000000,14-3-1 9:42:30,1393638150000,22.000000,291.000000,22.000000,0.000000,2,0,3,311.0
00,,BD5920,B6374,B6374,2,0,113.846619,22.717596,0.000000,14-3-1 9:42:40,1393638160000,19.000000,306.000000,19.000000,0.000000,2,0,3,363.0
00,,BD5920,B6374,B6374,2,0,113.846161,22.717907,0.000000,14-3-1 9:42:50,1393638170000,17.000000,305.000000,17.000000,0.000000,2,0,3,420.0
00,,BD5920,B6374,B6374,2,0,113.845688,22.718224,0.000000,14-3-1 9:43:0,1393638180000,27.000000,305.000000,27.000000,0.000000,2,0,4,375.0
00,,BD5920,B6374,B6374,2,0,113.845062,22.718649,0.000000,14-3-1 9:43:10,1393638190000,28.000000,309.000000,28.000000,0.000000,2,0,4,296.0
00,,BD5920,B6374,B6374,2,0,113.844467,22.719101,0.000000,14-3-1 9:43:20,1393638200000,27.000000,309.000000,27.000000,0.000000,2,0,4,220.0
00,,BD5920,B6374,B6374,2,0,113.843971,22.719492,0.000000,14-3-1 9:43:50,1393638230000,14.000000,302.000000,14.000000,0.000000,2,0,4,158.0
01,,BD5920,B6374,B6374,2,0,113.843498,22.719667,0.000000,14-3-1 9:44:0,1393638240000,22.000000,286.000000,22.000000,0.000000,ESG0612,14-3-1 9:44:0,1393638240000,ESJ0044,2,0,4,107.0
00,,BD5920,B6374,B6374,2,0,113.842514,22.719849,0.000000,14-3-1 9:44:20,1393638260000,13.000000,275.000000,13.000000,0.000000,2,4,4,5.0
02,,BD5920,B6374,B6374,2,0,113.842087,22.719791,0.000000,14-3-1 9:44:30,1393638270000,18.000000,260.000000,18.000000,0.000000,ESG0612,14-3-1 9:44:30,1393638270000,ESJ0044,2,0,4,40.0
00,,BD5920,B6374,B6374,2,0,113.841019,22.719872,0.000000,14-3-1 9:44:50,1393638290000,16.000000,281.000000,16.000000,0.000000,2,0,4,149.0
00,,BD5920,B6374,B6374,2,0,113.840317,22.719961,0.000000,14-3-1 9:45:10,1393638310000,14.000000,279.000000,14.000000,0.000000,2,0,5,100.0
01,,BD5920,B6374,B6374,2,0,113.839973,22.720026,0.000000,14-3-1 9:45:20,1393638320000,15.000000,268.000000,15.000000,0.000000,ESJ0044,14-3-1 9:45:20,1393638320000,ESJ0510,2,0,5,64.0
00,,BD5920,B6374,B6374,2,0,113.839226,22.720104,0.000000,14-3-1 9:45:50,1393638350000,12.000000,276.000000,12.000000,0.000000,2,5,5,16.0
02,,BD5920,B6374,B6374,2,0,113.838722,22.720173,0.000000,14-3-1 9:46:0,1393638360000,20.000000,278.000000,20.000000,0.000000,ESJ0044,14-3-1 9:46:0,1393638360000,ESJ0510,2,0,5,66.0
01,,BD5920,B6374,B6374,2,0,113.837715,22.720917,0.000000,14-3-1 9:46:19,1393638379000,24.000000,316.000000,24.000000,0.000000,ESJ0510,14-3-1 9:46:19,1393638379000,ESJ0511,2,0,6,59.0
00,,BD5920,B6374,B6374,2,0,113.837059,22.721613,0.000000,14-3-1 9:46:39,1393638399000,15.000000,315.000000,15.000000,0.000000,2,6,6,44.0
02,,BD5920,B6374,B6374,2,0,113.836700,22.721968,0.000000,14-3-1 9:46:49,1393638409000,21.000000,317.000000,21.000000,0.000000,ESJ0510,14-3-1 9:46:49,1393638409000,ESJ0511,2,0,6,98.0
01,,BD5920,B6374,B6374,2,0,113.835762,22.722933,0.000000,14-3-1 9:47:9,1393638429000,20.000000,318.000000,20.000000,0.000000,ESJ0511,14-3-1 9:47:9,1393638429000,ESJ0556,2,7,7,27.0
02,,BD5920,B6374,B6374,2,0,113.835258,22.723513,0.000000,14-3-1 9:47:39,1393638459000,18.000000,319.000000,18.000000,0.000000,ESJ0511,14-3-1 9:47:39,1393638459000,ESJ0556,2,0,7,56.0
01,,BD5920,B6374,B6374,2,0,113.835808,22.725256,0.000000,14-3-1 9:48:9,1393638489000,28.000000,20.000000,28.000000,0.000000,ESJ0556,14-3-1 9:48:9,1393638489000,ESJ0211,2,8,8,57.0
02,,BD5920,B6374,B6374,2,0,113.836472,22.726831,0.000000,14-3-1 9:48:39,1393638519000,34.000000,24.000000,34.000000,0.000000,ESJ0556,14-3-1 9:48:39,1393638519000,ESJ0211,2,0,8,131.0
00,,BD5920,B6374,B6374,2,0,113.836899,22.728052,0.000000,14-3-1 9:48:59,1393638539000,13.000000,18.000000,13.000000,0.000000,2,0,9,249.0
00,,BD5920,B6374,B6374,2,0,113.837074,22.728212,0.000000,14-3-1 9:49:4,1393638544000,21.000000,64.000000,21.000000,0.000000,2,0,9,258.0
00,,BD5920,B6374,B6374,2,0,113.837364,22.728195,0.000000,14-3-1 9:49:9,1393638549000,24.000000,127.000000,24.000000,0.000000,2,0,9,286.0
00,,BD5920,B6374,B6374,2,0,113.837524,22.727932,0.000000,14-3-1 9:49:14,1393638554000,23.000000,178.000000,23.000000,0.000000,2,0,8,290.0
00,,BD5920,B6374,B6374,2,0,113.837387,22.727682,0.000000,14-3-1 9:49:19,1393638559000,22.000000,236.000000,22.000000,0.000000,2,0,8,259.0
00,,BD5920,B6374,B6374,2,0,113.836586,22.727812,0.000000,14-3-1 9:49:34,1393638574000,20.000000,285.000000,20.000000,0.000000,2,0,9,238.0
00,,BD5920,B6374,B6374,2,0,113.835976,22.728077,0.000000,14-3-1 9:49:44,1393638584000,24.000000,300.000000,24.000000,0.000000,2,0,9,171.0
00,,BD5920,B6374,B6374,2,0,113.835449,22.728445,0.000000,14-3-1 9:49:54,1393638594000,29.000000,321.000000,29.000000,0.000000,2,0,9,104.0
01,,BD5920,B6374,B6374,2,0,113.835014,22.728947,0.000000,14-3-1 9:50:4,1393638604000,18.000000,320.000000,18.000000,0.000000,ESJ0211,14-3-1 9:50:4,1393638604000,ESJ0210,2,0,9,33.0
00,,BD5920,B6374,B6374,2,0,113.834816,22.729193,0.000000,14-3-1 9:50:34,1393638634000,12.000000,327.000000,12.000000,0.000000,2,9,9,6.0
02,,BD5920,B6374,B6374,2,0,113.834251,22.729685,0.000000,14-3-1 9:50:44,1393638644000,22.000000,316.000000,22.000000,0.000000,ESJ0211,14-3-1 9:50:44,1393638644000,ESJ0210,2,0,9,81.0
00,,BD5920,B6374,B6374,2,0,113.832977,22.730841,0.000000,14-3-1 9:51:4,1393638664000,32.000000,308.000000,32.000000,0.000000,2,0,9,264.0
00,,BD5920,B6374,B6374,2,0,113.832253,22.731266,0.000000,14-3-1 9:51:14,1393638674000,37.000000,303.000000,37.000000,0.000000,2,0,10,178.0
00,,BD5920,B6374,B6374,2,0,113.831375,22.731844,0.000000,14-3-1 9:51:24,1393638684000,37.000000,305.000000,37.000000,0.000000,2,0,10,67.0
01,,BD5920,B6374,B6374,2,0,113.830849,22.732117,0.000000,14-3-1 9:51:59,1393638719000,11.000000,260.000000,11.000000,0.000000,ESJ0210,14-3-1 9:51:59,1393638719000,ESJ0218,2,10,10,6.0
02,,BD5920,B6374,B6374,2,0,113.829315,22.732033,0.000000,14-3-1 9:52:19,1393638739000,25.000000,249.000000,25.000000,0.000000,ESJ0210,14-3-1 9:52:19,1393638739000,ESJ0218,2,0,10,154.0
01,,BD5920,B6374,B6374,2,0,113.826675,22.731228,0.000000,14-3-1 9:52:59,1393638779000,25.000000,249.000000,25.000000,0.000000,ESJ0218,14-3-1 9:52:59,1393638779000,ESJ0181,2,0,11,63.0
00,,BD5920,B6374,B6374,2,0,113.825867,22.731009,0.000000,14-3-1 9:53:19,1393638799000,17.000000,248.000000,17.000000,0.000000,2,11,11,25.0
02,,BD5920,B6374,B6374,2,0,113.825211,22.730721,0.000000,14-3-1 9:53:29,1393638809000,27.000000,249.000000,27.000000,0.000000,ESJ0218,14-3-1 9:53:29,1393638809000,ESJ0181,2,0,11,98.0
00,,BD5920,B6374,B6374,2,0,113.824165,22.730379,0.000000,14-3-1 9:54:19,1393638859000,20.000000,245.000000,20.000000,0.000000,2,0,11,212.0
00,,BD5920,B6374,B6374,2,0,113.823990,22.729744,0.000000,14-3-1 9:54:34,1393638874000,25.000000,179.000000,25.000000,0.000000,2,0,12,207.0
00,,BD5920,B6374,B6374,2,0,113.823936,22.728888,0.000000,14-3-1 9:54:44,1393638884000,34.000000,183.000000,34.000000,0.000000,2,0,12,111.0
01,,BD5920,B6374,B6374,2,0,113.823853,22.728088,0.000000,14-3-1 9:54:54,1393638894000,28.000000,185.000000,28.000000,0.000000,ESJ0181,14-3-1 9:54:54,1393638894000,ESJ0131,2,0,12,23.0
00,,BD5920,B6374,B6374,2,0,113.823853,22.727776,0.000000,14-3-1 9:55:14,1393638914000,11.000000,152.000000,11.000000,0.000000,2,12,12,13.0
02,,BD5920,B6374,B6374,2,0,113.823853,22.727196,0.000000,14-3-1 9:55:24,1393638924000,21.000000,169.000000,21.000000,0.000000,ESJ0181,14-3-1 9:55:24,1393638924000,ESJ0131,2,0,12,77.0
00,,BD5920,B6374,B6374,2,0,113.823814,22.725601,0.000000,14-3-1 9:55:44,1393638944000,33.000000,183.000000,33.000000,0.000000,2,0,13,224.0
00,,BD5920,B6374,B6374,2,0,113.823814,22.724844,0.000000,14-3-1 9:55:54,1393638954000,19.000000,181.000000,19.000000,0.000000,2,0,13,157.0
00,,BD5920,B6374,B6374,2,0,113.823792,22.724432,0.000000,14-3-1 9:57:44,1393639064000,11.000000,165.000000,11.000000,0.000000,2,0,13,132.0
01,,BD5920,B6374,B6374,2,0,113.824562,22.724039,0.000000,14-3-1 9:57:59,1393639079000,21.000000,106.000000,21.000000,0.000000,ESJ0131,14-3-1 9:57:59,1393639079000,ESJ0551,2,0,13,41.0
00,,BD5920,B6374,B6374,2,0,113.825188,22.723824,0.000000,14-3-1 9:58:29,1393639109000,14.000000,101.000000,14.000000,0.000000,2,13,13,28.0
02,,BD5920,B6374,B6374,2,0,113.825813,22.723612,0.000000,14-3-1 9:58:39,1393639119000,24.000000,108.000000,24.000000,0.000000,ESJ0131,14-3-1 9:58:39,1393639119000,ESJ0551,2,0,13,96.0
00,,BD5920,B6374,B6374,2,0,113.827217,22.723251,0.000000,14-3-1 9:58:59,1393639139000,22.000000,103.000000,22.000000,0.000000,2,0,13,246.0
00,,BD5920,B6374,B6374,2,0,113.827713,22.723101,0.000000,14-3-1 9:59:9,1393639149000,13.000000,106.000000,13.000000,0.000000,2,0,13,299.0
00,,BD5920,B6374,B6374,2,0,113.827942,22.722563,0.000000,14-3-1 9:59:39,1393639179000,23.000000,184.000000,23.000000,0.000000,2,0,13,343.0
00,,BD5920,B6374,B6374,2,0,113.827988,22.721596,0.000000,14-3-1 10:0:9,1393639209000,19.000000,178.000000,19.000000,0.000000,2,0,13,404.0
00,,BD5920,B6374,B6374,2,0,113.827835,22.720966,0.000000,14-3-1 10:0:19,1393639219000,27.000000,186.000000,27.000000,0.000000,2,0,13,441.0
00,,BD5920,B6374,B6374,2,0,113.827698,22.720213,0.000000,14-3-1 10:0:29,1393639229000,28.000000,187.000000,28.000000,0.000000,2,0,13,497.0
00,,BD5920,B6374,B6374,2,0,113.827576,22.719442,0.000000,14-3-1 10:0:39,1393639239000,32.000000,187.000000,32.000000,0.000000,2,0,13,564.0
00,,BD5920,B6374,B6374,2,0,113.827438,22.718636,0.000000,14-3-1 10:0:49,1393639249000,31.000000,189.000000,31.000000,0.000000,2,0,14,495.0
00,,BD5920,B6374,B6374,2,0,113.827332,22.717836,0.000000,14-3-1 10:0:59,1393639259000,34.000000,188.000000,34.000000,0.000000,2,0,14,424.0
00,,BD5920,B6374,B6374,2,0,113.827263,22.717356,0.000000,14-3-1 10:1:9,1393639269000,11.000000,186.000000,11.000000,0.000000,2,0,14,385.0
00,,BD5920,B6374,B6374,2,0,113.827522,22.717039,0.000000,14-3-1 10:1:19,1393639279000,21.000000,156.000000,21.000000,0.000000,2,0,14,341.0
00,,BD5920,B6374,B6374,2,0,113.828102,22.717035,0.000000,14-3-1 10:1:29,1393639289000,11.000000,117.000000,11.000000,0.000000,2,0,14,306.0
00,,BD5920,B6374,B6374,2,0,113.828926,22.716980,0.000000,14-3-1 10:1:49,1393639309000,13.000000,111.000000,13.000000,0.000000,2,0,14,266.0
01,,BD5920,B6374,B6374,2,0,113.828888,22.716368,0.000000,14-3-1 10:2:29,1393639349000,12.000000,187.000000,12.000000,0.000000,ESJ0551,14-3-1 10:2:29,1393639349000,2,0,14,203.0
00,,BD5920,B6374,B6374,2,0,113.828590,22.715523,0.000000,14-3-1 10:3:19,1393639399000,9.000000,215.000000,9.000000,0.000000,2,0,14,143.0
00,,BD5920,B6374,B6374,2,0,113.828552,22.715181,0.000000,14-3-1 10:3:29,1393639409000,11.000000,193.000000,11.000000,0.000000,2,14,14,125.0
