00,,BD5920,B6374,B6374,2,0,113.850296,22.714775,0.000000,14-3-1 18:29:41,1393669781000,18.000000,14.000000,18.000000,0.000000,2,2,2,14.0
01,,BD5920,B6374,B6374,2,0,113.850571,22.715446,0.000000,14-3-1 18:30:31,1393669831000,21.000000,21.000000,21.000000,0.000000,ESJ0041,14-3-1 18:30:31,1393669831000,ESG0612,2,0,2,94.0
02,,BD5920,B6374,B6374,2,0,113.850571,22.715446,0.000000,14-3-1 18:30:31,1393669831000,21.000000,21.000000,21.000000,0.000000,ESJ0048,14-3-1 18:30:31,1393669831000,ESJ0041,2,0,2,94.0
00,,BD5920,B6374,B6374,2,0,113.850746,22.716040,0.000000,14-3-1 18:32:35,1393669955000,14.000000,352.000000,14.000000,0.000000,2,0,3,95.0
00,,BD5920,B6374,B6374,2,0,113.850349,22.716251,0.000000,14-3-1 18:32:50,1393669970000,12.000000,286.000000,12.000000,0.000000,2,0,3,50.0
02,,BD5920,B6374,B6374,2,0,113.849541,22.716539,0.000000,14-3-1 18:33:30,1393670010000,22.000000,292.000000,22.000000,0.000000,ESJ0041,14-3-1 18:33:30,1393670010000,ESG0612,2,3,3,42.0
00,,BD5920,B6374,B6374,2,0,113.847420,22.717297,0.000000,14-3-1 18:34:0,1393670040000,25.000000,290.000000,25.000000,0.000000,2,0,3,274.0
00,,BD5920,B6374,B6374,2,0,113.846794,22.717606,0.000000,14-3-1 18:34:10,1393670050000,27.000000,299.000000,27.000000,0.000000,2,0,3,347.0
00,,BD5920,B6374,B6374,2,0,113.846222,22.718012,0.000000,14-3-1 18:34:20,1393670060000,27.000000,307.000000,27.000000,0.000000,2,0,3,419.0
00,,BD5920,B6374,B6374,2,0,113.845657,22.718372,0.000000,14-3-1 18:34:30,1393670070000,27.000000,305.000000,27.000000,0.000000,2,0,4,364.0
00,,BD5920,B6374,B6374,2,0,113.845062,22.718813,0.000000,14-3-1 18:34:40,1393670080000,25.000000,306.000000,25.000000,0.000000,2,0,4,288.0
00,,BD5920,B6374,B6374,2,0,113.844482,22.719267,0.000000,14-3-1 18:35:20,1393670120000,13.000000,313.000000,13.000000,0.000000,2,0,4,215.0
00,,BD5920,B6374,B6374,2,0,113.844223,22.719486,0.000000,14-3-1 18:35:30,1393670130000,12.000000,307.000000,12.000000,0.000000,2,0,4,183.0
00,,BD5920,B6374,B6374,2,0,113.843994,22.719612,0.000000,14-3-1 18:36:50,1393670210000,15.000000,297.000000,15.000000,0.000000,2,0,4,158.0
01,,BD5920,B6374,B6374,2,0,113.843521,22.719746,0.000000,14-3-1 18:37:0,1393670220000,20.000000,283.000000,20.000000,0.000000,ESG0612,14-3-1 18:37:0,1393670220000,ESJ0044,2,0,4,108.0
00,,BD5920,B6374,B6374,2,0,113.842735,22.719915,0.000000,14-3-1 18:37:20,1393670240000,13.000000,283.000000,13.000000,0.000000,2,0,4,29.0
00,,BD5920,B6374,B6374,2,0,113.842430,22.719927,0.000000,14-3-1 18:37:30,1393670250000,14.000000,275.000000,14.000000,0.000000,2,4,4,13.0
02,,BD5920,B6374,B6374,2,0,113.842010,22.719952,0.000000,14-3-1 18:37:40,1393670260000,17.000000,278.000000,17.000000,0.000000,ESG0612,14-3-1 18:37:40,1393670260000,ESJ0044,2,0,4,50.0
00,,BD5920,B6374,B6374,2,0,113.833199,22.730806,0.000000,14-3-1 18:45:33,1393670733000,15.000000,308.000000,15.000000,0.000000,2,0,9,246.0
00,,BD5920,B6374,B6374,2,0,113.826950,22.732573,0.000000,14-3-1 18:47:42,1393670862000,14.000000,244.000000,14.000000,0.000000,2,0,11,195.0
00,,BD5920,B6374,B6374,2,0,113.826653,22.732483,0.000000,14-3-1 18:47:49,1393670869000,12.000000,240.000000,12.000000,0.000000,2,0,11,174.0
00,,BD5920,B6374,B6374,2,0,113.826752,22.732107,0.000000,14-3-1 18:47:59,1393670879000,12.000000,243.000000,12.000000,0.000000,2,0,11,140.0
01,,BD5920,B6374,B6374,2,0,113.826752,22.731691,0.000000,14-3-1 18:48:9,1393670889000,21.000000,244.000000,21.000000,0.000000,ESJ0218,14-3-1 18:48:9,1393670889000,ESJ0181,2,0,11,101.0
00,,BD5920,B6374,B6374,2,0,113.825851,22.730955,0.000000,14-3-1 18:49:9,1393670949000,13.000000,252.000000,13.000000,0.000000,2,11,11,27.0
02,,BD5920,B6374,B6374,2,0,113.824669,22.730492,0.000000,14-3-1 18:52:0,1393671120000,10.000000,238.000000,10.000000,0.000000,ESJ0218,14-3-1 18:52:0,1393671120000,ESJ0181,2,0,11,159.0
00,,BD5920,B6374,B6374,2,0,113.823990,22.730106,0.000000,14-3-1 18:56:9,1393671369000,10.000000,251.000000,10.000000,0.000000,2,0,11,240.0
00,,BD5920,B6374,B6374,2,0,113.823814,22.729872,0.000000,14-3-1 18:56:19,1393671379000,15.000000,217.000000,15.000000,0.000000,2,0,12,221.0
00,,BD5920,B6374,B6374,2,0,113.823738,22.729342,0.000000,14-3-1 18:56:29,1393671389000,25.000000,195.000000,25.000000,0.000000,2,0,12,163.0
00,,BD5920,B6374,B6374,2,0,113.823914,22.728662,0.000000,14-3-1 18:56:39,1393671399000,32.000000,184.000000,32.000000,0.000000,2,0,12,86.0
01,,BD5920,B6374,B6374,2,0,113.823929,22.728052,0.000000,14-3-1 18:56:49,1393671409000,19.000000,186.000000,19.000000,0.000000,ESJ0181,14-3-1 18:56:49,1393671409000,ESJ0131,2,12,12,19.0
02,,BD5920,B6374,B6374,2,0,113.823929,22.727272,0.000000,14-3-1 18:57:19,1393671439000,29.000000,180.000000,29.000000,0.000000,ESJ0181,14-3-1 18:57:19,1393671439000,ESJ0131,2,0,12,69.0
00,,BD5920,B6374,B6374,2,0,113.823875,22.725376,0.000000,14-3-1 18:57:39,1393671459000,17.000000,175.000000,17.000000,0.000000,2,0,13,199.0
00,,BD5920,B6374,B6374,2,0,113.827553,22.719202,0.000000,14-3-1 19:4:0,1393671840000,27.000000,189.000000,27.000000,0.000000,2,0,14,547.0
00,,BD5920,B6374,B6374,2,0,113.827454,22.718573,0.000000,14-3-1 19:4:10,1393671850000,20.000000,188.000000,20.000000,0.000000,2,0,14,488.0
00,,BD5920,B6374,B6374,2,0,113.827347,22.717903,0.000000,14-3-1 19:4:20,1393671860000,28.000000,190.000000,28.000000,0.000000,2,0,14,429.0
00,,BD5920,B6374,B6374,2,0,113.827248,22.717312,0.000000,14-3-1 19:4:30,1393671870000,14.000000,191.000000,14.000000,0.000000,2,0,14,382.0
00,,BD5920,B6374,B6374,2,0,113.827553,22.717133,0.000000,14-3-1 19:4:40,1393671880000,19.000000,150.000000,19.000000,0.000000,2,0,14,347.0
00,,BD5920,B6374,B6374,2,0,113.828140,22.717106,0.000000,14-3-1 19:4:49,1393671889000,17.000000,114.000000,17.000000,0.000000,2,0,14,311.0
00,,BD5920,B6374,B6374,2,0,113.828453,22.717052,0.000000,14-3-1 19:4:59,1393671899000,17.000000,100.000000,17.000000,0.000000,2,0,14,291.0
00,,BD5920,B6374,B6374,2,0,113.828987,22.716944,0.000000,14-3-1 19:5:9,1393671909000,14.000000,101.000000,14.000000,0.000000,2,0,14,261.0
