00,,BD5736,B6374,B6374,2,0,113.851936,22.706469,0.000000,14-3-1 16:3:36,1393661016000,22.000000,10.000000,22.000000,0.000000,2,0,1,111.0
00,,BD5736,B6374,B6374,2,0,113.852219,22.707108,0.000000,14-3-1 16:3:46,1393661026000,30.000000,23.000000,30.000000,0.000000,2,0,1,185.0
00,,BD5736,B6374,B6374,2,0,113.852638,22.707800,0.000000,14-3-1 16:3:56,1393661036000,32.000000,27.000000,32.000000,0.000000,2,0,1,271.0
00,,BD5736,B6374,B6374,2,0,113.853096,22.708372,0.000000,14-3-1 16:4:6,1393661046000,23.000000,36.000000,23.000000,0.000000,2,0,1,346.0
00,,BD5736,B6374,B6374,2,0,113.853302,22.708984,0.000000,14-3-1 16:4:16,1393661056000,32.000000,5.000000,32.000000,0.000000,2,0,1,418.0
00,,BD5736,B6374,B6374,2,0,113.853233,22.709652,0.000000,14-3-1 16:4:26,1393661066000,24.000000,343.000000,24.000000,0.000000,2,0,1,486.0
00,,BD5736,B6374,B6374,2,0,113.853043,22.709887,0.000000,14-3-1 16:4:31,1393661071000,25.000000,311.000000,25.000000,0.000000,2,0,1,506.0
02,,BD5736,B6374,B6374,2,0,113.852295,22.710104,0.000000,14-3-1 16:4:41,1393661081000,29.000000,286.000000,29.000000,0.000000,ESJ0721,14-3-1 16:4:41,1393661081000,ESJ0048,2,0,1,517.0
00,,BD5736,B6374,B6374,2,0,113.850960,22.710562,0.000000,14-3-1 16:5:6,1393661106000,15.000000,18.000000,15.000000,0.000000,2,0,2,460.0
00,,BD5736,B6374,B6374,2,0,113.851112,22.711088,0.000000,14-3-1 16:5:16,1393661116000,20.000000,10.000000,20.000000,0.000000,2,0,2,405.0
00,,BD5736,B6374,B6374,2,0,113.851288,22.711628,0.000000,14-3-1 16:5:26,1393661126000,22.000000,13.000000,22.000000,0.000000,2,0,2,351.0
00,,BD5736,B6374,B6374,2,0,113.851524,22.712122,0.000000,14-3-1 16:5:36,1393661136000,20.000000,28.000000,20.000000,0.000000,2,0,2,308.0
00,,BD5736,B6374,B6374,2,0,113.851776,22.712521,0.000000,14-3-1 16:5:46,1393661146000,13.000000,28.000000,13.000000,0.000000,2,0,2,281.0
00,,BD5736,B6374,B6374,2,0,113.851509,22.713009,0.000000,14-3-1 16:6:31,1393661191000,22.000000,312.000000,22.000000,0.000000,2,0,2,221.0
00,,BD5736,B6374,B6374,2,0,113.850975,22.713406,0.000000,14-3-1 16:6:41,1393661201000,28.000000,314.000000,28.000000,0.000000,2,0,2,155.0
00,,BD5736,B6374,B6374,2,0,113.850456,22.713900,0.000000,14-3-1 16:6:51,1393661211000,27.000000,316.000000,27.000000,0.000000,2,0,2,85.0
01,,BD5736,B6374,B6374,2,0,113.850159,22.714176,0.000000,14-3-1 16:7:1,1393661221000,11.000000,314.000000,11.000000,0.000000,ESJ0048,14-3-1 16:7:1,1393661221000,ESJ0041,2,0,2,54.0
00,,BD5736,B6374,B6374,2,0,113.850243,22.714766,0.000000,14-3-1 16:7:26,1393661246000,12.000000,18.000000,12.000000,0.000000,2,2,2,14.0
01,,BD5736,B6374,B6374,2,0,113.850555,22.715620,0.000000,14-3-1 16:9:56,1393661396000,12.000000,27.000000,12.000000,0.000000,ESJ0041,14-3-1 16:9:56,1393661396000,ESG0612,2,0,3,105.0
02,,BD5736,B6374,B6374,2,0,113.850555,22.715620,0.000000,14-3-1 16:9:56,1393661396000,12.000000,27.000000,12.000000,0.000000,ESJ0048,14-3-1 16:9:56,1393661396000,ESJ0041,2,0,3,105.0
00,,BD5736,B6374,B6374,2,0,113.850014,22.716265,0.000000,14-3-1 16:10:46,1393661446000,22.000000,290.000000,22.000000,0.000000,2,3,3,16.0
02,,BD5736,B6374,B6374,2,0,113.849106,22.716597,0.000000,14-3-1 16:10:56,1393661456000,32.000000,292.000000,32.000000,0.000000,ESJ0041,14-3-1 16:10:56,1393661456000,ESG0612,2,0,3,84.0
00,,BD5736,B6374,B6374,2,0,113.847862,22.717064,0.000000,14-3-1 16:11:16,1393661476000,15.000000,289.000000,15.000000,0.000000,2,0,3,222.0
00,,BD5736,B6374,B6374,2,0,113.847450,22.717209,0.000000,14-3-1 16:11:26,1393661486000,19.000000,290.000000,19.000000,0.000000,2,0,3,267.0
00,,BD5736,B6374,B6374,2,0,113.846970,22.717382,0.000000,14-3-1 16:11:36,1393661496000,17.000000,297.000000,17.000000,0.000000,2,0,3,320.0
00,,BD5736,B6374,B6374,2,0,113.846550,22.717636,0.000000,14-3-1 16:11:46,1393661506000,23.000000,307.000000,23.000000,0.000000,2,0,3,371.0
00,,BD5736,B6374,B6374,2,0,113.846001,22.717964,0.000000,14-3-1 16:11:56,1393661516000,19.000000,304.000000,19.000000,0.000000,2,0,4,417.0
00,,BD5736,B6374,B6374,2,0,113.845657,22.718224,0.000000,14-3-1 16:12:6,1393661526000,17.000000,309.000000,17.000000,0.000000,2,0,4,372.0
00,,BD5736,B6374,B6374,2,0,113.845139,22.718613,0.000000,14-3-1 16:12:16,1393661536000,25.000000,309.000000,25.000000,0.000000,2,0,4,305.0
00,,BD5736,B6374,B6374,2,0,113.844551,22.719036,0.000000,14-3-1 16:12:26,1393661546000,18.000000,311.000000,18.000000,0.000000,2,0,4,230.0
00,,BD5736,B6374,B6374,2,0,113.844048,22.719442,0.000000,14-3-1 16:13:16,1393661596000,16.000000,313.000000,16.000000,0.000000,2,0,4,167.0
00,,BD5736,B6374,B6374,2,0,113.843689,22.719631,0.000000,14-3-1 16:13:26,1393661606000,16.000000,284.000000,16.000000,0.000000,2,0,4,127.0
01,,BD5736,B6374,B6374,2,0,113.843208,22.719715,0.000000,14-3-1 16:13:36,1393661616000,17.000000,282.000000,17.000000,0.000000,ESG0612,14-3-1 16:13:36,1393661616000,ESJ0044,2,0,4,76.0
02,,BD5736,B6374,B6374,2,0,113.842171,22.719849,0.000000,14-3-1 16:14:11,1393661651000,6.000000,267.000000,6.000000,0.000000,ESG0612,14-3-1 16:14:11,1393661651000,ESJ0044,2,4,4,31.0
00,,BD5736,B6374,B6374,2,0,113.841278,22.719893,0.000000,14-3-1 16:15:1,1393661701000,6.000000,287.000000,6.000000,0.000000,2,0,4,123.0
01,,BD5736,B6374,B6374,2,0,113.839935,22.720053,0.000000,14-3-1 16:16:21,1393661781000,5.000000,267.000000,5.000000,0.000000,ESJ0044,14-3-1 16:16:21,1393661781000,ESJ0510,2,0,5,59.0
00,,BD5736,B6374,B6374,2,0,113.839111,22.720287,0.000000,14-3-1 16:17:26,1393661846000,11.000000,302.000000,11.000000,0.000000,2,5,5,30.0
02,,BD5736,B6374,B6374,2,0,113.837852,22.720753,0.000000,14-3-1 16:18:36,1393661916000,7.000000,317.000000,7.000000,0.000000,ESJ0044,14-3-1 16:18:36,1393661916000,ESJ0510,2,0,6,82.0
01,,BD5736,B6374,B6374,2,0,113.837662,22.720991,0.000000,14-3-1 16:18:46,1393661926000,17.000000,314.000000,17.000000,0.000000,ESJ0510,14-3-1 16:18:46,1393661926000,ESJ0511,2,0,6,49.0
00,,BD5736,B6374,B6374,2,0,113.837227,22.721464,0.000000,14-3-1 16:18:56,1393661936000,17.000000,332.000000,17.000000,0.000000,2,6,6,20.0
02,,BD5736,B6374,B6374,2,0,113.836700,22.722015,0.000000,14-3-1 16:19:26,1393661966000,22.000000,316.000000,22.000000,0.000000,ESJ0510,14-3-1 16:19:26,1393661966000,ESJ0511,2,0,6,102.0
01,,BD5736,B6374,B6374,2,0,113.835701,22.722912,0.000000,14-3-1 16:19:46,1393661986000,17.000000,316.000000,17.000000,0.000000,ESJ0511,14-3-1 16:19:46,1393661986000,ESJ0556,2,7,7,25.0
02,,BD5736,B6374,B6374,2,0,113.835098,22.723541,0.000000,14-3-1 16:20:11,1393662011000,14.000000,18.000000,14.000000,0.000000,ESJ0511,14-3-1 16:20:11,1393662011000,ESJ0556,2,0,7,70.0
01,,BD5736,B6374,B6374,2,0,113.835747,22.725206,0.000000,14-3-1 16:20:31,1393662031000,24.000000,21.000000,24.000000,0.000000,ESJ0556,14-3-1 16:20:31,1393662031000,ESJ0211,2,0,8,65.0
02,,BD5736,B6374,B6374,2,0,113.836174,22.726135,0.000000,14-3-1 16:21:11,1393662071000,21.000000,16.000000,21.000000,0.000000,ESJ0556,14-3-1 16:21:11,1393662071000,ESJ0211,2,8,8,48.0
00,,BD5736,B6374,B6374,2,0,113.836754,22.727619,0.000000,14-3-1 16:21:31,1393662091000,27.000000,16.000000,27.000000,0.000000,2,0,8,223.0
00,,BD5736,B6374,B6374,2,0,113.837448,22.727757,0.000000,14-3-1 16:21:51,1393662111000,27.000000,221.000000,27.000000,0.000000,2,0,8,269.0
00,,BD5736,B6374,B6374,2,0,113.836075,22.727982,0.000000,14-3-1 16:22:6,1393662126000,37.000000,293.000000,37.000000,0.000000,2,0,9,186.0
00,,BD5736,B6374,B6374,2,0,113.830864,22.732222,0.000000,14-3-1 16:23:39,1393662219000,0.000000,283.000000,0.000000,0.000000,2,10,10,9.0
01,,BD5736,B6374,B6374,2,0,113.830460,22.732246,0.000000,14-3-1 16:23:49,1393662229000,10.000000,287.000000,10.000000,0.000000,ESJ0210,14-3-1 16:23:49,1393662229000,ESJ0218,2,0,10,38.0
02,,BD5736,B6374,B6374,2,0,113.829552,22.732191,0.000000,14-3-1 16:23:59,1393662239000,20.000000,256.000000,20.000000,0.000000,ESJ0210,14-3-1 16:23:59,1393662239000,ESJ0218,2,0,10,130.0
00,,BD5736,B6374,B6374,2,0,113.827538,22.731506,0.000000,14-3-1 16:24:29,1393662269000,31.000000,251.000000,31.000000,0.000000,2,0,11,157.0
01,,BD5736,B6374,B6374,2,0,113.826675,22.731228,0.000000,14-3-1 16:24:39,1393662279000,32.000000,251.000000,32.000000,0.000000,ESJ0218,14-3-1 16:24:39,1393662279000,ESJ0181,2,11,11,63.0
