00,,BD5828,B6374,B6374,2,0,113.852165,22.707060,0.000000,14-3-1 16:51:10,1393663870000,20.000000,18.000000,20.000000,0.000000,2,0,1,179.0
00,,BD5828,B6374,B6374,2,0,113.852379,22.707466,0.000000,14-3-1 16:51:20,1393663880000,17.000000,28.000000,17.000000,0.000000,2,0,1,228.0
00,,BD5828,B6374,B6374,2,0,113.852692,22.707888,0.000000,14-3-1 16:51:30,1393663890000,24.000000,40.000000,24.000000,0.000000,2,0,1,282.0
00,,BD5828,B6374,B6374,2,0,113.853149,22.708485,0.000000,14-3-1 16:51:40,1393663900000,27.000000,35.000000,27.000000,0.000000,2,0,1,360.0
00,,BD5828,B6374,B6374,2,0,113.853325,22.709196,0.000000,14-3-1 16:51:50,1393663910000,29.000000,3.000000,29.000000,0.000000,2,0,1,441.0
00,,BD5828,B6374,B6374,2,0,113.853073,22.709911,0.000000,14-3-1 16:52:0,1393663920000,29.000000,317.000000,29.000000,0.000000,2,0,1,509.0
02,,BD5828,B6374,B6374,2,0,113.852722,22.710072,0.000000,14-3-1 16:52:5,1393663925000,30.000000,282.000000,30.000000,0.000000,ESJ0721,14-3-1 16:52:5,1393663925000,ESJ0048,2,0,1,519.0
00,,BD5828,B6374,B6374,2,0,113.851494,22.710340,0.000000,14-3-1 16:52:25,1393663945000,20.000000,281.000000,20.000000,0.000000,2,0,2,495.0
00,,BD5828,B6374,B6374,2,0,113.851074,22.710592,0.000000,14-3-1 16:52:40,1393663960000,14.000000,17.000000,14.000000,0.000000,2,0,2,458.0
00,,BD5828,B6374,B6374,2,0,113.851196,22.711025,0.000000,14-3-1 16:52:50,1393663970000,15.000000,16.000000,15.000000,0.000000,2,0,2,414.0
00,,BD5828,B6374,B6374,2,0,113.851349,22.711496,0.000000,14-3-1 16:53:10,1393663990000,21.000000,22.000000,21.000000,0.000000,2,0,2,367.0
00,,BD5828,B6374,B6374,2,0,113.851585,22.712040,0.000000,14-3-1 16:53:20,1393664000000,20.000000,25.000000,20.000000,0.000000,2,0,2,319.0
00,,BD5828,B6374,B6374,2,0,113.851784,22.712503,0.000000,14-3-1 16:53:30,1393664010000,20.000000,31.000000,20.000000,0.000000,2,0,2,284.0
00,,BD5828,B6374,B6374,2,0,113.851677,22.712963,0.000000,14-3-1 16:53:40,1393664020000,20.000000,319.000000,20.000000,0.000000,2,0,2,235.0
00,,BD5828,B6374,B6374,2,0,113.851196,22.713356,0.000000,14-3-1 16:53:50,1393664030000,22.000000,308.000000,22.000000,0.000000,2,0,2,171.0
00,,BD5828,B6374,B6374,2,0,113.850731,22.713736,0.000000,14-3-1 16:54:0,1393664040000,21.000000,309.000000,21.000000,0.000000,2,0,2,111.0
01,,BD5828,B6374,B6374,2,0,113.850311,22.714144,0.000000,14-3-1 16:54:10,1393664050000,21.000000,320.000000,21.000000,0.000000,ESJ0048,14-3-1 16:54:10,1393664050000,ESJ0041,2,0,2,56.0
02,,BD5828,B6374,B6374,2,0,113.850327,22.714987,0.000000,14-3-1 16:54:30,1393664070000,17.000000,15.000000,17.000000,0.000000,ESJ0048,14-3-1 16:54:30,1393664070000,ESJ0041,2,2,2,38.0
01,,BD5828,B6374,B6374,2,0,113.850571,22.715624,0.000000,14-3-1 16:55:0,1393664100000,15.000000,40.000000,15.000000,0.000000,ESJ0041,14-3-1 16:55:0,1393664100000,ESG0612,2,0,3,106.0
00,,BD5828,B6374,B6374,2,0,113.850769,22.716076,0.000000,14-3-1 16:56:40,1393664200000,13.000000,336.000000,13.000000,0.000000,2,0,3,97.0
00,,BD5828,B6374,B6374,2,0,113.850136,22.716309,0.000000,14-3-1 16:57:25,1393664245000,14.000000,295.000000,14.000000,0.000000,2,3,3,28.0
02,,BD5828,B6374,B6374,2,0,113.849541,22.716513,0.000000,14-3-1 16:57:35,1393664255000,24.000000,291.000000,24.000000,0.000000,ESJ0041,14-3-1 16:57:35,1393664255000,ESG0612,2,0,3,40.0
00,,BD5828,B6374,B6374,2,0,113.847687,22.717142,0.000000,14-3-1 16:58:5,1393664285000,26.000000,290.000000,26.000000,0.000000,2,0,3,242.0
00,,BD5828,B6374,B6374,2,0,113.847198,22.717337,0.000000,14-3-1 16:58:15,1393664295000,18.000000,293.000000,18.000000,0.000000,2,0,3,297.0
00,,BD5828,B6374,B6374,2,0,113.846672,22.717611,0.000000,14-3-1 16:58:25,1393664305000,22.000000,302.000000,22.000000,0.000000,2,0,3,358.0
00,,BD5828,B6374,B6374,2,0,113.846191,22.717939,0.000000,14-3-1 16:58:35,1393664315000,17.000000,308.000000,17.000000,0.000000,2,0,3,418.0
00,,BD5828,B6374,B6374,2,0,113.845772,22.718204,0.000000,14-3-1 16:58:45,1393664325000,23.000000,303.000000,23.000000,0.000000,2,0,4,383.0
00,,BD5828,B6374,B6374,2,0,113.845245,22.718632,0.000000,14-3-1 16:58:55,1393664335000,27.000000,313.000000,27.000000,0.000000,2,0,4,314.0
00,,BD5828,B6374,B6374,2,0,113.844467,22.719145,0.000000,14-3-1 16:59:5,1393664345000,37.000000,307.000000,37.000000,0.000000,2,0,4,218.0
00,,BD5828,B6374,B6374,2,0,113.843994,22.719557,0.000000,14-3-1 16:59:15,1393664355000,15.000000,312.000000,15.000000,0.000000,2,0,4,159.0
01,,BD5828,B6374,B6374,2,0,113.843590,22.719715,0.000000,14-3-1 16:59:25,1393664365000,18.000000,300.000000,18.000000,0.000000,ESG0612,14-3-1 16:59:25,1393664365000,ESJ0044,2,0,4,115.0
00,,BD5828,B6374,B6374,2,0,113.842644,22.719946,0.000000,14-3-1 16:59:45,1393664385000,20.000000,269.000000,20.000000,0.000000,2,4,4,23.0
01,,BD5828,B6374,B6374,2,0,113.837662,22.721142,0.000000,14-3-1 17:1:27,1393664487000,22.000000,316.000000,22.000000,0.000000,ESJ0044,14-3-1 17:1:27,1393664487000,ESJ0510,2,0,6,37.0
02,,BD5828,B6374,B6374,2,0,113.837662,22.721142,0.000000,14-3-1 17:1:27,1393664487000,22.000000,316.000000,22.000000,0.000000,ESG0612,14-3-1 17:1:27,1393664487000,ESJ0044,2,0,6,37.0
02,,BD5828,B6374,B6374,2,0,113.837662,22.721142,0.000000,14-3-1 17:1:27,1393664487000,22.000000,316.000000,22.000000,0.000000,ESJ0044,14-3-1 17:1:27,1393664487000,ESJ0510,2,0,6,37.0
01,,BD5828,B6374,B6374,2,0,113.837257,22.721544,0.000000,14-3-1 17:1:37,1393664497000,16.000000,320.000000,16.000000,0.000000,ESJ0510,14-3-1 17:1:37,1393664497000,ESJ0511,2,6,6,26.0
02,,BD5828,B6374,B6374,2,0,113.837059,22.721802,0.000000,14-3-1 17:2:17,1393664537000,11.000000,318.000000,11.000000,0.000000,ESJ0510,14-3-1 17:2:17,1393664537000,ESJ0511,2,0,6,61.0
00,,BD5828,B6374,B6374,2,0,113.836342,22.722511,0.000000,14-3-1 17:2:37,1393664557000,22.000000,320.000000,22.000000,0.000000,2,0,7,102.0
01,,BD5828,B6374,B6374,2,0,113.835938,22.722912,0.000000,14-3-1 17:2:47,1393664567000,20.000000,317.000000,20.000000,0.000000,ESJ0511,14-3-1 17:2:47,1393664567000,ESJ0556,2,7,7,42.0
02,,BD5828,B6374,B6374,2,0,113.835236,22.723553,0.000000,14-3-1 17:3:27,1393664607000,16.000000,317.000000,16.000000,0.000000,ESJ0511,14-3-1 17:3:27,1393664607000,ESJ0556,2,0,7,61.0
01,,BD5828,B6374,B6374,2,0,113.835938,22.725416,0.000000,14-3-1 17:4:5,1393664645000,16.000000,40.000000,16.000000,0.000000,ESJ0556,14-3-1 17:4:5,1393664645000,ESJ0211,2,8,8,36.0
02,,BD5828,B6374,B6374,2,0,113.836327,22.726376,0.000000,14-3-1 17:4:35,1393664675000,26.000000,18.000000,26.000000,0.000000,ESJ0556,14-3-1 17:4:35,1393664675000,ESJ0211,2,0,8,79.0
00,,BD5828,B6374,B6374,2,0,113.837326,22.728426,0.000000,14-3-1 17:5:5,1393664705000,25.000000,89.000000,25.000000,0.000000,2,0,9,273.0
00,,BD5828,B6374,B6374,2,0,113.837524,22.727823,0.000000,14-3-1 17:5:15,1393664715000,26.000000,220.000000,26.000000,0.000000,2,0,8,280.0
00,,BD5828,B6374,B6374,2,0,113.836342,22.727976,0.000000,14-3-1 17:5:30,1393664730000,32.000000,291.000000,32.000000,0.000000,2,0,9,207.0
00,,BD5828,B6374,B6374,2,0,113.835693,22.728329,0.000000,14-3-1 17:5:40,1393664740000,18.000000,312.000000,18.000000,0.000000,2,0,9,131.0
00,,BD5828,B6374,B6374,2,0,113.835274,22.728764,0.000000,14-3-1 17:5:50,1393664750000,25.000000,323.000000,25.000000,0.000000,2,0,9,66.0
01,,BD5828,B6374,B6374,2,0,113.834976,22.729073,0.000000,14-3-1 17:6:0,1393664760000,12.000000,324.000000,12.000000,0.000000,ESJ0211,14-3-1 17:6:0,1393664760000,ESJ0210,2,9,9,22.0
02,,BD5828,B6374,B6374,2,0,113.834114,22.729893,0.000000,14-3-1 17:6:30,1393664790000,26.000000,317.000000,26.000000,0.000000,ESJ0211,14-3-1 17:6:30,1393664790000,ESJ0210,2,0,9,107.0
00,,BD5828,B6374,B6374,2,0,113.832947,22.730944,0.000000,14-3-1 17:6:50,1393664810000,25.000000,306.000000,25.000000,0.000000,2,0,10,257.0
00,,BD5828,B6374,B6374,2,0,113.832405,22.731272,0.000000,14-3-1 17:7:0,1393664820000,26.000000,302.000000,26.000000,0.000000,2,0,10,191.0
00,,BD5828,B6374,B6374,2,0,113.831841,22.731712,0.000000,14-3-1 17:7:10,1393664830000,30.000000,299.000000,30.000000,0.000000,2,0,10,116.0
01,,BD5828,B6374,B6374,2,0,113.831215,22.732080,0.000000,14-3-1 17:7:20,1393664840000,24.000000,305.000000,24.000000,0.000000,ESJ0210,14-3-1 17:7:20,1393664840000,ESJ0218,2,10,10,42.0
00,,BD5828,B6374,B6374,2,0,113.830254,22.732315,0.000000,14-3-1 17:7:40,1393664860000,21.000000,266.000000,21.000000,0.000000,2,0,10,60.0
02,,BD5828,B6374,B6374,2,0,113.829475,22.732157,0.000000,14-3-1 17:7:50,1393664870000,25.000000,247.000000,25.000000,0.000000,ESJ0210,14-3-1 17:7:50,1393664870000,ESJ0218,2,0,10,137.0
00,,BD5828,B6374,B6374,2,0,113.828712,22.731895,0.000000,14-3-1 17:8:0,1393664880000,26.000000,247.000000,26.000000,0.000000,2,0,10,218.0
00,,BD5828,B6374,B6374,2,0,113.828011,22.731695,0.000000,14-3-1 17:8:10,1393664890000,20.000000,243.000000,20.000000,0.000000,2,0,11,210.0
00,,BD5828,B6374,B6374,2,0,113.827278,22.731516,0.000000,14-3-1 17:8:20,1393664900000,29.000000,252.000000,29.000000,0.000000,2,0,11,133.0
01,,BD5828,B6374,B6374,2,0,113.826591,22.731281,0.000000,14-3-1 17:8:30,1393664910000,25.000000,248.000000,25.000000,0.000000,ESJ0218,14-3-1 17:8:30,1393664910000,ESJ0181,2,0,11,58.0
00,,BD5828,B6374,B6374,2,0,113.826073,22.731092,0.000000,14-3-1 17:9:0,1393664940000,13.000000,242.000000,13.000000,0.000000,2,11,11,11.0
02,,BD5828,B6374,B6374,2,0,113.825615,22.730915,0.000000,14-3-1 17:9:10,1393664950000,23.000000,250.000000,23.000000,0.000000,ESJ0218,14-3-1 17:9:10,1393664950000,ESJ0181,2,0,11,52.0
00,,BD5828,B6374,B6374,2,0,113.824211,22.730352,0.000000,14-3-1 17:13:20,1393665200000,8.000000,210.000000,8.000000,0.000000,2,0,11,208.0
00,,BD5828,B6374,B6374,2,0,113.824020,22.730024,0.000000,14-3-1 17:13:30,1393665210000,18.000000,189.000000,18.000000,0.000000,2,0,12,238.0
00,,BD5828,B6374,B6374,2,0,113.823975,22.729317,0.000000,14-3-1 17:13:40,1393665220000,28.000000,183.000000,28.000000,0.000000,2,0,12,159.0
01,,BD5828,B6374,B6374,2,0,113.823914,22.728456,0.000000,14-3-1 17:13:50,1393665230000,32.000000,184.000000,32.000000,0.000000,ESJ0181,14-3-1 17:13:50,1393665230000,ESJ0131,2,12,12,63.0
02,,BD5828,B6374,B6374,2,0,113.823830,22.727192,0.000000,14-3-1 17:14:10,1393665250000,28.000000,182.000000,28.000000,0.000000,ESJ0181,14-3-1 17:14:10,1393665250000,ESJ0131,2,0,12,78.0
00,,BD5828,B6374,B6374,2,0,113.823738,22.724735,0.000000,14-3-1 17:14:40,1393665280000,25.000000,185.000000,25.000000,0.000000,2,0,13,155.0
00,,BD5828,B6374,B6374,2,0,113.823654,22.724112,0.000000,14-3-1 17:14:50,1393665290000,27.000000,188.000000,27.000000,0.000000,2,13,13,133.0
