00,,BD5736,B6374,B6374,2,0,113.851952,22.706608,0.000000,14-3-1 10:50:56,1393642256000,23.000000,16.000000,23.000000,0.000000,2,1,1,127.0
00,,BD5736,B6374,B6374,2,0,113.852234,22.707182,0.000000,14-3-1 10:51:6,1393642266000,25.000000,20.000000,25.000000,0.000000,2,0,1,194.0
00,,BD5736,B6374,B6374,2,0,113.852531,22.707657,0.000000,14-3-1 10:51:16,1393642276000,18.000000,34.000000,18.000000,0.000000,2,0,1,252.0
00,,BD5736,B6374,B6374,2,0,113.852898,22.708117,0.000000,14-3-1 10:51:26,1393642286000,28.000000,35.000000,28.000000,0.000000,2,0,1,313.0
00,,BD5736,B6374,B6374,2,0,113.853256,22.708723,0.000000,14-3-1 10:51:36,1393642296000,29.000000,8.000000,29.000000,0.000000,2,0,1,389.0
00,,BD5736,B6374,B6374,2,0,113.853058,22.709915,0.000000,14-3-1 10:51:51,1393642311000,31.000000,314.000000,31.000000,0.000000,2,0,1,509.0
02,,BD5736,B6374,B6374,2,0,113.852692,22.710026,0.000000,14-3-1 10:51:56,1393642316000,27.000000,280.000000,27.000000,0.000000,ESJ0721,14-3-1 10:51:56,1393642316000,ESJ0048,2,0,1,514.0
00,,BD5736,B6374,B6374,2,0,113.851013,22.710644,0.000000,14-3-1 10:52:26,1393642346000,21.000000,15.000000,21.000000,0.000000,2,0,2,452.0
00,,BD5736,B6374,B6374,2,0,113.851189,22.711235,0.000000,14-3-1 10:52:36,1393642356000,26.000000,6.000000,26.000000,0.000000,2,0,2,391.0
00,,BD5736,B6374,B6374,2,0,113.851433,22.711882,0.000000,14-3-1 10:52:46,1393642366000,24.000000,31.000000,24.000000,0.000000,2,0,2,329.0
00,,BD5736,B6374,B6374,2,0,113.851707,22.712425,0.000000,14-3-1 10:52:56,1393642376000,17.000000,28.000000,17.000000,0.000000,2,0,2,287.0
00,,BD5736,B6374,B6374,2,0,113.851822,22.712612,0.000000,14-3-1 10:53:16,1393642396000,13.000000,6.000000,13.000000,0.000000,2,0,2,276.0
00,,BD5736,B6374,B6374,2,0,113.851349,22.713228,0.000000,14-3-1 10:53:31,1393642411000,23.000000,310.000000,23.000000,0.000000,2,0,2,192.0
00,,BD5736,B6374,B6374,2,0,113.850800,22.713644,0.000000,14-3-1 10:53:41,1393642421000,24.000000,312.000000,24.000000,0.000000,2,0,2,123.0
01,,BD5736,B6374,B6374,2,0,113.850296,22.714062,0.000000,14-3-1 10:53:51,1393642431000,22.000000,310.000000,22.000000,0.000000,ESJ0048,14-3-1 10:53:51,1393642431000,ESJ0041,2,0,2,65.0
02,,BD5736,B6374,B6374,2,0,113.850327,22.714956,0.000000,14-3-1 10:54:11,1393642451000,16.000000,18.000000,16.000000,0.000000,ESJ0048,14-3-1 10:54:11,1393642451000,ESJ0041,2,2,2,35.0
01,,BD5736,B6374,B6374,2,0,113.850533,22.715649,0.000000,14-3-1 10:55:21,1393642521000,24.000000,31.000000,24.000000,0.000000,ESJ0041,14-3-1 10:55:21,1393642521000,ESG0612,2,0,3,101.0
02,,BD5736,B6374,B6374,2,0,113.849762,22.716362,0.000000,14-3-1 10:56:1,1393642561000,24.000000,292.000000,24.000000,0.000000,ESJ0041,14-3-1 10:56:1,1393642561000,ESG0612,2,3,3,12.0
00,,BD5736,B6374,B6374,2,0,113.848175,22.716923,0.000000,14-3-1 10:56:21,1393642581000,30.000000,291.000000,30.000000,0.000000,2,0,3,186.0
00,,BD5736,B6374,B6374,2,0,113.847542,22.717159,0.000000,14-3-1 10:56:31,1393642591000,22.000000,289.000000,22.000000,0.000000,2,0,3,256.0
00,,BD5736,B6374,B6374,2,0,113.846947,22.717400,0.000000,14-3-1 10:56:41,1393642601000,28.000000,295.000000,28.000000,0.000000,2,0,3,323.0
00,,BD5736,B6374,B6374,2,0,113.846306,22.717827,0.000000,14-3-1 10:56:51,1393642611000,29.000000,305.000000,29.000000,0.000000,2,0,3,402.0
00,,BD5736,B6374,B6374,2,0,113.845688,22.718245,0.000000,14-3-1 10:57:1,1393642621000,25.000000,301.000000,25.000000,0.000000,2,0,4,374.0
00,,BD5736,B6374,B6374,2,0,113.845085,22.718672,0.000000,14-3-1 10:57:11,1393642631000,26.000000,309.000000,26.000000,0.000000,2,0,4,297.0
00,,BD5736,B6374,B6374,2,0,113.844208,22.719292,0.000000,14-3-1 10:58:21,1393642701000,33.000000,307.000000,33.000000,0.000000,2,0,4,188.0
01,,BD5736,B6374,B6374,2,0,113.843391,22.719671,0.000000,14-3-1 10:58:31,1393642711000,29.000000,282.000000,29.000000,0.000000,ESG0612,14-3-1 10:58:31,1393642711000,ESJ0044,2,0,4,96.0
02,,BD5736,B6374,B6374,2,0,113.842346,22.719921,0.000000,14-3-1 10:59:1,1393642741000,11.000000,280.000000,11.000000,0.000000,ESG0612,14-3-1 10:59:1,1393642741000,ESJ0044,2,4,4,17.0
00,,BD5736,B6374,B6374,2,0,113.841049,22.719946,0.000000,14-3-1 10:59:36,1393642776000,13.000000,261.000000,13.000000,0.000000,2,0,4,147.0
00,,BD5736,B6374,B6374,2,0,113.840492,22.719976,0.000000,14-3-1 10:59:51,1393642791000,11.000000,295.000000,11.000000,0.000000,2,0,5,117.0
01,,BD5736,B6374,B6374,2,0,113.840103,22.720049,0.000000,14-3-1 11:0:1,1393642801000,12.000000,278.000000,12.000000,0.000000,ESJ0044,14-3-1 11:0:1,1393642801000,ESJ0510,2,0,5,76.0
00,,BD5736,B6374,B6374,2,0,113.839165,22.720261,0.000000,14-3-1 11:0:41,1393642841000,17.000000,283.000000,17.000000,0.000000,2,5,5,24.0
02,,BD5736,B6374,B6374,2,0,113.838638,22.720423,0.000000,14-3-1 11:0:51,1393642851000,19.000000,291.000000,19.000000,0.000000,ESJ0044,14-3-1 11:0:51,1393642851000,ESJ0510,2,0,5,81.0
01,,BD5736,B6374,B6374,2,0,113.837715,22.721027,0.000000,14-3-1 11:1:21,1393642881000,12.000000,322.000000,12.000000,0.000000,ESJ0510,14-3-1 11:1:21,1393642881000,ESJ0511,2,0,6,50.0
00,,BD5736,B6374,B6374,2,0,113.837151,22.721586,0.000000,14-3-1 11:1:41,1393642901000,12.000000,314.000000,12.000000,0.000000,2,6,6,35.0
02,,BD5736,B6374,B6374,2,0,113.836830,22.721968,0.000000,14-3-1 11:1:51,1393642911000,22.000000,318.000000,22.000000,0.000000,ESJ0510,14-3-1 11:1:51,1393642911000,ESJ0511,2,0,6,89.0
01,,BD5736,B6374,B6374,2,0,113.836235,22.722576,0.000000,14-3-1 11:2:1,1393642921000,32.000000,318.000000,32.000000,0.000000,ESJ0511,14-3-1 11:2:1,1393642921000,ESJ0556,2,0,7,89.0
02,,BD5736,B6374,B6374,2,0,113.835274,22.723536,0.000000,14-3-1 11:2:21,1393642941000,13.000000,303.000000,13.000000,0.000000,ESJ0511,14-3-1 11:2:21,1393642941000,ESJ0556,2,7,7,57.0
01,,BD5736,B6374,B6374,2,0,113.835693,22.725044,0.000000,14-3-1 11:2:46,1393642966000,33.000000,18.000000,33.000000,0.000000,ESJ0556,14-3-1 11:2:46,1393642966000,ESJ0211,2,0,8,83.0
02,,BD5736,B6374,B6374,2,0,113.836189,22.726248,0.000000,14-3-1 11:3:6,1393642986000,32.000000,19.000000,32.000000,0.000000,ESJ0556,14-3-1 11:3:6,1393642986000,ESJ0211,2,8,8,60.0
00,,BD5736,B6374,B6374,2,0,113.837517,22.727819,0.000000,14-3-1 11:3:41,1393643021000,28.000000,216.000000,28.000000,0.000000,2,0,8,279.0
00,,BD5736,B6374,B6374,2,0,113.837212,22.727684,0.000000,14-3-1 11:3:46,1393643026000,20.000000,270.000000,20.000000,0.000000,2,0,8,250.0
00,,BD5736,B6374,B6374,2,0,113.836426,22.727873,0.000000,14-3-1 11:3:56,1393643036000,30.000000,292.000000,30.000000,0.000000,2,0,9,221.0
00,,BD5736,B6374,B6374,2,0,113.835625,22.728319,0.000000,14-3-1 11:4:6,1393643046000,33.000000,317.000000,33.000000,0.000000,2,0,9,127.0
01,,BD5736,B6374,B6374,2,0,113.834976,22.729004,0.000000,14-3-1 11:4:26,1393643066000,11.000000,327.000000,11.000000,0.000000,ESJ0211,14-3-1 11:4:26,1393643066000,ESJ0210,2,9,9,26.0
02,,BD5736,B6374,B6374,2,0,113.834160,22.729733,0.000000,14-3-1 11:4:46,1393643086000,26.000000,318.000000,26.000000,0.000000,ESJ0211,14-3-1 11:4:46,1393643086000,ESJ0210,2,0,9,91.0
00,,BD5736,B6374,B6374,2,0,113.833542,22.730484,0.000000,14-3-1 11:5:6,1393643106000,13.000000,315.000000,13.000000,0.000000,2,0,9,195.0
00,,BD5736,B6374,B6374,2,0,113.832771,22.731056,0.000000,14-3-1 11:5:51,1393643151000,9.000000,270.000000,9.000000,0.000000,2,0,10,235.0
00,,BD5736,B6374,B6374,2,0,113.832191,22.731443,0.000000,14-3-1 11:6:1,1393643161000,19.000000,294.000000,19.000000,0.000000,2,0,10,162.0
01,,BD5736,B6374,B6374,2,0,113.831215,22.732052,0.000000,14-3-1 11:6:11,1393643171000,29.000000,307.000000,29.000000,0.000000,ESJ0210,14-3-1 11:6:11,1393643171000,ESJ0218,2,10,10,43.0
02,,BD5736,B6374,B6374,2,0,113.830093,22.732365,0.000000,14-3-1 11:6:31,1393643191000,25.000000,286.000000,25.000000,0.000000,ESJ0210,14-3-1 11:6:31,1393643191000,ESJ0218,2,0,10,78.0
00,,BD5736,B6374,B6374,2,0,113.828552,22.731884,0.000000,14-3-1 11:6:46,1393643206000,39.000000,251.000000,39.000000,0.000000,2,0,10,234.0
00,,BD5736,B6374,B6374,2,0,113.827766,22.731661,0.000000,14-3-1 11:6:56,1393643216000,26.000000,253.000000,26.000000,0.000000,2,0,11,185.0
01,,BD5736,B6374,B6374,2,0,113.826874,22.731346,0.000000,14-3-1 11:7:6,1393643226000,34.000000,250.000000,34.000000,0.000000,ESJ0218,14-3-1 11:7:6,1393643226000,ESJ0181,2,0,11,87.0
02,,BD5736,B6374,B6374,2,0,113.825775,22.730955,0.000000,14-3-1 11:7:36,1393643256000,21.000000,244.000000,21.000000,0.000000,ESJ0218,14-3-1 11:7:36,1393643256000,ESJ0181,2,11,11,35.0
00,,BD5736,B6374,B6374,2,0,113.824303,22.730473,0.000000,14-3-1 11:10:16,1393643416000,16.000000,249.000000,16.000000,0.000000,2,0,11,195.0
00,,BD5736,B6374,B6374,2,0,113.823929,22.730141,0.000000,14-3-1 11:10:26,1393643426000,19.000000,197.000000,19.000000,0.000000,2,0,11,244.0
00,,BD5736,B6374,B6374,2,0,113.823929,22.729504,0.000000,14-3-1 11:10:36,1393643436000,29.000000,182.000000,29.000000,0.000000,2,0,12,180.0
00,,BD5736,B6374,B6374,2,0,113.823914,22.728697,0.000000,14-3-1 11:10:46,1393643446000,32.000000,184.000000,32.000000,0.000000,2,0,12,90.0
01,,BD5736,B6374,B6374,2,0,113.823875,22.727942,0.000000,14-3-1 11:10:56,1393643456000,15.000000,181.000000,15.000000,0.000000,ESJ0181,14-3-1 11:10:56,1393643456000,ESJ0131,2,12,12,6.0
02,,BD5736,B6374,B6374,2,0,113.823875,22.727137,0.000000,14-3-1 11:11:26,1393643486000,25.000000,181.000000,25.000000,0.000000,ESJ0181,14-3-1 11:11:26,1393643486000,ESJ0131,2,0,12,84.0
00,,BD5736,B6374,B6374,2,0,113.823814,22.725613,0.000000,14-3-1 11:11:46,1393643506000,24.000000,182.000000,24.000000,0.000000,2,0,13,225.0
00,,BD5736,B6374,B6374,2,0,113.823776,22.724567,0.000000,14-3-1 11:14:36,1393643676000,15.000000,179.000000,15.000000,0.000000,2,0,13,141.0
00,,BD5736,B6374,B6374,2,0,113.823914,22.724257,0.000000,14-3-1 11:14:46,1393643686000,14.000000,117.000000,14.000000,0.000000,2,0,13,112.0
01,,BD5736,B6374,B6374,2,0,113.824371,22.724112,0.000000,14-3-1 11:14:56,1393643696000,23.000000,110.000000,23.000000,0.000000,ESJ0131,14-3-1 11:14:56,1393643696000,ESJ0551,2,0,13,63.0
00,,BD5736,B6374,B6374,2,0,113.825035,22.723896,0.000000,14-3-1 11:15:36,1393643736000,15.000000,112.000000,15.000000,0.000000,2,13,13,12.0
02,,BD5736,B6374,B6374,2,0,113.825668,22.723717,0.000000,14-3-1 11:15:46,1393643746000,25.000000,103.000000,25.000000,0.000000,ESJ0131,14-3-1 11:15:46,1393643746000,ESJ0551,2,0,13,78.0
00,,BD5736,B6374,B6374,2,0,113.826729,22.722122,0.000000,14-3-1 11:16:26,1393643786000,22.000000,108.000000,22.000000,0.000000,2,0,13,269.0
00,,BD5736,B6374,B6374,2,0,113.827362,22.721895,0.000000,14-3-1 11:16:36,1393643796000,25.000000,115.000000,25.000000,0.000000,2,0,13,333.0
00,,BD5736,B6374,B6374,2,0,113.827911,22.721493,0.000000,14-3-1 11:16:56,1393643816000,22.000000,188.000000,22.000000,0.000000,2,0,13,405.0
00,,BD5736,B6374,B6374,2,0,113.827782,22.720764,0.000000,14-3-1 11:17:6,1393643826000,32.000000,185.000000,32.000000,0.000000,2,0,13,454.0
00,,BD5736,B6374,B6374,2,0,113.827675,22.719835,0.000000,14-3-1 11:17:16,1393643836000,35.000000,186.000000,35.000000,0.000000,2,0,13,531.0
00,,BD5736,B6374,B6374,2,0,113.827599,22.718920,0.000000,14-3-1 11:17:26,1393643846000,30.000000,178.000000,30.000000,0.000000,2,0,14,516.0
00,,BD5736,B6374,B6374,2,0,113.827362,22.718126,0.000000,14-3-1 11:17:36,1393643856000,34.000000,186.000000,34.000000,0.000000,2,0,14,449.0
00,,BD5736,B6374,B6374,2,0,113.827202,22.717279,0.000000,14-3-1 11:17:46,1393643866000,10.000000,203.000000,10.000000,0.000000,2,0,14,382.0
00,,BD5736,B6374,B6374,2,0,113.827789,22.717020,0.000000,14-3-1 11:18:1,1393643881000,20.000000,111.000000,20.000000,0.000000,2,0,14,322.0
00,,BD5736,B6374,B6374,2,0,113.828270,22.717024,0.000000,14-3-1 11:18:11,1393643891000,11.000000,99.000000,11.000000,0.000000,2,0,14,296.0
00,,BD5736,B6374,B6374,2,0,113.828751,22.716951,0.000000,14-3-1 11:18:21,1393643901000,19.000000,112.000000,19.000000,0.000000,2,0,14,269.0
01,,BD5736,B6374,B6374,2,0,113.828903,22.716499,0.000000,14-3-1 11:19:1,1393643941000,13.000000,199.000000,13.000000,0.000000,ESJ0551,14-3-1 11:19:1,1393643941000,2,0,14,216.0
00,,BD5736,B6374,B6374,2,0,113.828629,22.715425,0.000000,14-3-1 11:19:31,1393643971000,18.000000,204.000000,18.000000,0.000000,2,14,14,133.0
