00,,BD5828,B6374,B6374,2,0,113.852112,22.706873,0.000000,14-3-1 9:58:37,1393639117000,23.000000,22.000000,23.000000,0.000000,2,0,1,158.0
00,,BD5828,B6374,B6374,2,0,113.852379,22.707382,0.000000,14-3-1 9:58:47,1393639127000,20.000000,22.000000,20.000000,0.000000,2,0,1,219.0
00,,BD5828,B6374,B6374,2,0,113.852737,22.707932,0.000000,14-3-1 9:58:57,1393639137000,26.000000,36.000000,26.000000,0.000000,2,0,1,288.0
00,,BD5828,B6374,B6374,2,0,113.853210,22.708492,0.000000,14-3-1 9:59:7,1393639147000,23.000000,35.000000,23.000000,0.000000,2,0,1,363.0
00,,BD5828,B6374,B6374,2,0,113.853355,22.709024,0.000000,14-3-1 9:59:17,1393639157000,23.000000,10.000000,23.000000,0.000000,2,0,1,424.0
02,,BD5828,B6374,B6374,2,0,113.852829,22.709965,0.000000,14-3-1 9:59:32,1393639172000,27.000000,282.000000,27.000000,0.000000,ESJ0721,14-3-1 9:59:32,1393639172000,ESJ0048,2,0,1,510.0
00,,BD5828,B6374,B6374,2,0,113.852112,22.710115,0.000000,14-3-1 9:59:42,1393639182000,24.000000,284.000000,24.000000,0.000000,2,0,1,517.0
00,,BD5828,B6374,B6374,2,0,113.850990,22.710447,0.000000,14-3-1 10:0:2,1393639202000,11.000000,353.000000,11.000000,0.000000,2,0,2,473.0
00,,BD5828,B6374,B6374,2,0,113.851257,22.711452,0.000000,14-3-1 10:0:22,1393639222000,21.000000,13.000000,21.000000,0.000000,2,0,2,369.0
00,,BD5828,B6374,B6374,2,0,113.851448,22.711975,0.000000,14-3-1 10:0:32,1393639232000,18.000000,23.000000,18.000000,0.000000,2,0,2,320.0
00,,BD5828,B6374,B6374,2,0,113.851685,22.712366,0.000000,14-3-1 10:0:42,1393639242000,15.000000,21.000000,15.000000,0.000000,2,0,2,291.0
00,,BD5828,B6374,B6374,2,0,113.851608,22.712872,0.000000,14-3-1 10:1:12,1393639272000,18.000000,336.000000,18.000000,0.000000,2,0,2,239.0
00,,BD5828,B6374,B6374,2,0,113.851189,22.713228,0.000000,14-3-1 10:1:22,1393639282000,21.000000,316.000000,21.000000,0.000000,2,0,2,183.0
00,,BD5828,B6374,B6374,2,0,113.850769,22.713556,0.000000,14-3-1 10:1:32,1393639292000,21.000000,310.000000,21.000000,0.000000,2,0,2,131.0
01,,BD5828,B6374,B6374,2,0,113.850372,22.713947,0.000000,14-3-1 10:1:42,1393639302000,16.000000,314.000000,16.000000,0.000000,ESJ0048,14-3-1 10:1:42,1393639302000,ESJ0041,2,2,2,78.0
01,,BD5828,B6374,B6374,2,0,113.850769,22.715696,0.000000,14-3-1 10:3:32,1393639412000,14.000000,22.000000,14.000000,0.000000,ESJ0041,14-3-1 10:3:32,1393639412000,ESG0612,2,0,3,116.0
02,,BD5828,B6374,B6374,2,0,113.850769,22.715696,0.000000,14-3-1 10:3:32,1393639412000,14.000000,22.000000,14.000000,0.000000,ESJ0048,14-3-1 10:3:32,1393639412000,ESJ0041,2,0,3,116.0
02,,BD5828,B6374,B6374,2,0,113.849907,22.716276,0.000000,14-3-1 10:4:12,1393639452000,20.000000,302.000000,20.000000,0.000000,ESJ0041,14-3-1 10:4:12,1393639452000,ESG0612,2,3,3,6.0
00,,BD5828,B6374,B6374,2,0,113.848312,22.716866,0.000000,14-3-1 10:4:32,1393639472000,31.000000,294.000000,31.000000,0.000000,2,0,3,171.0
00,,BD5828,B6374,B6374,2,0,113.847549,22.717136,0.000000,14-3-1 10:4:42,1393639482000,30.000000,289.000000,30.000000,0.000000,2,0,3,255.0
00,,BD5828,B6374,B6374,2,0,113.846848,22.717432,0.000000,14-3-1 10:4:52,1393639492000,27.000000,296.000000,27.000000,0.000000,2,0,3,334.0
00,,BD5828,B6374,B6374,2,0,113.846222,22.717867,0.000000,14-3-1 10:5:2,1393639502000,27.000000,307.000000,27.000000,0.000000,2,0,3,412.0
00,,BD5828,B6374,B6374,2,0,113.845634,22.718262,0.000000,14-3-1 10:5:12,1393639512000,24.000000,300.000000,24.000000,0.000000,2,0,4,368.0
00,,BD5828,B6374,B6374,2,0,113.845169,22.718580,0.000000,14-3-1 10:5:22,1393639522000,22.000000,305.000000,22.000000,0.000000,2,0,4,309.0
00,,BD5828,B6374,B6374,2,0,113.844658,22.718920,0.000000,14-3-1 10:5:32,1393639532000,18.000000,307.000000,18.000000,0.000000,2,0,4,246.0
00,,BD5828,B6374,B6374,2,0,113.844254,22.719227,0.000000,14-3-1 10:5:42,1393639542000,23.000000,306.000000,23.000000,0.000000,2,0,4,194.0
01,,BD5828,B6374,B6374,2,0,113.843437,22.719696,0.000000,14-3-1 10:7:2,1393639622000,19.000000,292.000000,19.000000,0.000000,ESG0612,14-3-1 10:7:2,1393639622000,ESJ0044,2,0,4,100.0
02,,BD5828,B6374,B6374,2,0,113.842209,22.719852,0.000000,14-3-1 10:7:22,1393639642000,20.000000,275.000000,20.000000,0.000000,ESG0612,14-3-1 10:7:22,1393639642000,ESJ0044,2,4,4,27.0
00,,BD5828,B6374,B6374,2,0,113.840981,22.719896,0.000000,14-3-1 10:7:42,1393639662000,20.000000,275.000000,20.000000,0.000000,2,0,4,153.0
00,,BD5828,B6374,B6374,2,0,113.840370,22.719961,0.000000,14-3-1 10:7:52,1393639672000,18.000000,277.000000,18.000000,0.000000,2,0,5,105.0
01,,BD5828,B6374,B6374,2,0,113.839844,22.719982,0.000000,14-3-1 10:8:2,1393639682000,17.000000,272.000000,17.000000,0.000000,ESJ0044,14-3-1 10:8:2,1393639682000,ESJ0510,2,5,5,53.0
02,,BD5828,B6374,B6374,2,0,113.838722,22.720217,0.000000,14-3-1 10:8:22,1393639702000,26.000000,282.000000,26.000000,0.000000,ESJ0044,14-3-1 10:8:22,1393639702000,ESJ0510,2,0,5,67.0
01,,BD5828,B6374,B6374,2,0,113.837761,22.720886,0.000000,14-3-1 10:8:42,1393639722000,21.000000,324.000000,21.000000,0.000000,ESJ0510,14-3-1 10:8:42,1393639722000,ESJ0511,2,6,6,65.0
02,,BD5828,B6374,B6374,2,0,113.836945,22.721832,0.000000,14-3-1 10:9:12,1393639752000,16.000000,314.000000,16.000000,0.000000,ESJ0510,14-3-1 10:9:12,1393639752000,ESJ0511,2,0,6,70.0
01,,BD5828,B6374,B6374,2,0,113.835922,22.722807,0.000000,14-3-1 10:9:32,1393639772000,27.000000,319.000000,27.000000,0.000000,ESJ0511,14-3-1 10:9:32,1393639772000,ESJ0556,2,7,7,48.0
02,,BD5828,B6374,B6374,2,0,113.835236,22.723467,0.000000,14-3-1 10:9:52,1393639792000,19.000000,315.000000,19.000000,0.000000,ESJ0511,14-3-1 10:9:52,1393639792000,ESJ0556,2,0,7,54.0
00,,BD5828,B6374,B6374,2,0,113.835312,22.724045,0.000000,14-3-1 10:10:17,1393639817000,16.000000,21.000000,16.000000,0.000000,2,0,7,107.0
00,,BD5828,B6374,B6374,2,0,113.835587,22.724541,0.000000,14-3-1 10:10:27,1393639827000,23.000000,22.000000,23.000000,0.000000,2,0,8,140.0
01,,BD5828,B6374,B6374,2,0,113.835854,22.725227,0.000000,14-3-1 10:10:37,1393639837000,26.000000,18.000000,26.000000,0.000000,ESJ0556,14-3-1 10:10:37,1393639837000,ESJ0211,2,8,8,59.0
02,,BD5828,B6374,B6374,2,0,113.836327,22.726204,0.000000,14-3-1 10:11:17,1393639877000,21.000000,16.000000,21.000000,0.000000,ESJ0556,14-3-1 10:11:17,1393639877000,ESJ0211,2,0,8,62.0
00,,BD5828,B6374,B6374,2,0,113.836662,22.727144,0.000000,14-3-1 10:11:27,1393639887000,31.000000,18.000000,31.000000,0.000000,2,0,8,171.0
00,,BD5828,B6374,B6374,2,0,113.836945,22.728115,0.000000,14-3-1 10:11:37,1393639897000,28.000000,25.000000,28.000000,0.000000,2,0,9,250.0
00,,BD5828,B6374,B6374,2,0,113.837257,22.728340,0.000000,14-3-1 10:11:42,1393639902000,24.000000,75.000000,24.000000,0.000000,2,0,9,270.0
00,,BD5828,B6374,B6374,2,0,113.837601,22.728096,0.000000,14-3-1 10:11:47,1393639907000,27.000000,144.000000,27.000000,0.000000,2,0,8,310.0
00,,BD5828,B6374,B6374,2,0,113.837425,22.727757,0.000000,14-3-1 10:11:52,1393639912000,30.000000,230.000000,30.000000,0.000000,2,0,8,268.0
00,,BD5828,B6374,B6374,2,0,113.837044,22.727736,0.000000,14-3-1 10:11:57,1393639917000,28.000000,282.000000,28.000000,0.000000,2,0,8,247.0
00,,BD5828,B6374,B6374,2,0,113.836235,22.727966,0.000000,14-3-1 10:12:7,1393639927000,27.000000,291.000000,27.000000,0.000000,2,0,9,199.0
00,,BD5828,B6374,B6374,2,0,113.835381,22.728556,0.000000,14-3-1 10:12:37,1393639957000,22.000000,315.000000,22.000000,0.000000,2,0,9,90.0
01,,BD5828,B6374,B6374,2,0,113.834892,22.729036,0.000000,14-3-1 10:12:57,1393639977000,10.000000,322.000000,10.000000,0.000000,ESJ0211,14-3-1 10:12:57,1393639977000,ESJ0210,2,9,9,17.0
02,,BD5828,B6374,B6374,2,0,113.833900,22.729897,0.000000,14-3-1 10:13:17,1393639997000,30.000000,314.000000,30.000000,0.000000,ESJ0211,14-3-1 10:13:17,1393639997000,ESJ0210,2,0,9,123.0
00,,BD5828,B6374,B6374,2,0,113.832047,22.731468,0.000000,14-3-1 10:13:47,1393640027000,32.000000,303.000000,32.000000,0.000000,2,0,10,148.0
01,,BD5828,B6374,B6374,2,0,113.831284,22.731976,0.000000,14-3-1 10:13:57,1393640037000,34.000000,304.000000,34.000000,0.000000,ESJ0210,14-3-1 10:13:57,1393640037000,ESJ0218,2,0,10,52.0
00,,BD5828,B6374,B6374,2,0,113.830513,22.732231,0.000000,14-3-1 10:14:27,1393640067000,18.000000,281.000000,18.000000,0.000000,2,10,10,32.0
02,,BD5828,B6374,B6374,2,0,113.829765,22.732162,0.000000,14-3-1 10:14:37,1393640077000,28.000000,270.000000,28.000000,0.000000,ESJ0210,14-3-1 10:14:37,1393640077000,ESJ0218,2,0,10,108.0
00,,BD5828,B6374,B6374,2,0,113.828079,22.731577,0.000000,14-3-1 10:14:57,1393640097000,25.000000,253.000000,25.000000,0.000000,2,0,11,212.0
00,,BD5828,B6374,B6374,2,0,113.827263,22.731413,0.000000,14-3-1 10:15:7,1393640107000,34.000000,250.000000,34.000000,0.000000,2,0,11,127.0
01,,BD5828,B6374,B6374,2,0,113.826385,22.731112,0.000000,14-3-1 10:15:17,1393640117000,25.000000,249.000000,25.000000,0.000000,ESJ0218,14-3-1 10:15:17,1393640117000,ESJ0181,2,11,11,31.0
02,,BD5828,B6374,B6374,2,0,113.825737,22.730843,0.000000,14-3-1 10:15:47,1393640147000,18.000000,243.000000,18.000000,0.000000,ESJ0218,14-3-1 10:15:47,1393640147000,ESJ0181,2,0,11,42.0
00,,BD5828,B6374,B6374,2,0,113.824249,22.730415,0.000000,14-3-1 10:17:7,1393640227000,20.000000,248.000000,20.000000,0.000000,2,0,11,202.0
00,,BD5828,B6374,B6374,2,0,113.823853,22.730024,0.000000,14-3-1 10:17:17,1393640237000,26.000000,201.000000,26.000000,0.000000,2,0,12,238.0
00,,BD5828,B6374,B6374,2,0,113.823875,22.729273,0.000000,14-3-1 10:17:27,1393640247000,36.000000,181.000000,36.000000,0.000000,2,0,12,154.0
01,,BD5828,B6374,B6374,2,0,113.823837,22.728304,0.000000,14-3-1 10:17:37,1393640257000,34.000000,185.000000,34.000000,0.000000,ESJ0181,14-3-1 10:17:37,1393640257000,ESJ0131,2,12,12,47.0
02,,BD5828,B6374,B6374,2,0,113.823830,22.726652,0.000000,14-3-1 10:17:57,1393640277000,35.000000,182.000000,35.000000,0.000000,ESJ0181,14-3-1 10:17:57,1393640277000,ESJ0131,2,0,12,138.0
00,,BD5828,B6374,B6374,2,0,113.823776,22.724512,0.000000,14-3-1 10:19:27,1393640367000,18.000000,171.000000,18.000000,0.000000,2,0,13,138.0
01,,BD5828,B6374,B6374,2,0,113.824089,22.724216,0.000000,14-3-1 10:19:37,1393640377000,20.000000,104.000000,20.000000,0.000000,ESJ0131,14-3-1 10:19:37,1393640377000,ESJ0551,2,0,13,94.0
02,,BD5828,B6374,B6374,2,0,113.825523,22.723742,0.000000,14-3-1 10:20:17,1393640417000,26.000000,110.000000,26.000000,0.000000,ESJ0131,14-3-1 10:20:17,1393640417000,ESJ0551,2,13,13,63.0
