00,,BD5920,B6374,B6374,2,0,113.828712,22.715803,0.000000,14-3-1 8:46:37,1393634797000,17.000000,8.000000,17.000000,0.000000,1,0,1,157.0
00,,BD5920,B6374,B6374,2,0,113.828873,22.716486,0.000000,14-3-1 8:46:56,1393634816000,12.000000,11.000000,12.000000,0.000000,1,0,1,215.0
00,,BD5920,B6374,B6374,2,0,113.828941,22.716797,0.000000,14-3-1 8:47:16,1393634836000,11.000000,13.000000,11.000000,0.000000,1,0,1,245.0
00,,BD5920,B6374,B6374,2,0,113.827377,22.717880,0.000000,14-3-1 8:48:16,1393634896000,24.000000,6.000000,24.000000,0.000000,1,0,1,425.0
00,,BD5920,B6374,B6374,2,0,113.827499,22.718567,0.000000,14-3-1 8:48:26,1393634906000,28.000000,7.000000,28.000000,0.000000,1,0,1,484.0
00,,BD5920,B6374,B6374,2,0,113.827591,22.719196,0.000000,14-3-1 8:48:36,1393634916000,21.000000,5.000000,21.000000,0.000000,1,0,4,518.0
00,,BD5920,B6374,B6374,2,0,113.827690,22.719933,0.000000,14-3-1 8:48:46,1393634926000,29.000000,8.000000,29.000000,0.000000,1,0,4,532.0
00,,BD5920,B6374,B6374,2,0,113.827789,22.720652,0.000000,14-3-1 8:48:56,1393634936000,31.000000,7.000000,31.000000,0.000000,1,0,2,484.0
00,,BD5920,B6374,B6374,2,0,113.827911,22.721436,0.000000,14-3-1 8:49:6,1393634946000,28.000000,10.000000,28.000000,0.000000,1,0,2,429.0
00,,BD5920,B6374,B6374,2,0,113.827965,22.721920,0.000000,14-3-1 8:49:16,1393634956000,18.000000,3.000000,18.000000,0.000000,1,0,2,400.0
00,,BD5920,B6374,B6374,2,0,113.827965,22.722507,0.000000,14-3-1 8:49:26,1393634966000,15.000000,1.000000,15.000000,0.000000,1,0,2,365.0
00,,BD5920,B6374,B6374,2,0,113.827942,22.722795,0.000000,14-3-1 8:49:56,1393634996000,13.000000,2.000000,13.000000,0.000000,1,0,2,350.0
00,,BD5920,B6374,B6374,2,0,113.827896,22.723101,0.000000,14-3-1 8:50:6,1393635006000,14.000000,298.000000,14.000000,0.000000,1,0,2,333.0
00,,BD5920,B6374,B6374,2,0,113.827309,22.723303,0.000000,14-3-1 8:50:16,1393635016000,24.000000,291.000000,24.000000,0.000000,1,0,2,269.0
00,,BD5920,B6374,B6374,2,0,113.826477,22.723557,0.000000,14-3-1 8:50:26,1393635026000,32.000000,291.000000,32.000000,0.000000,1,0,2,179.0
01,,BD5920,B6374,B6374,2,0,113.825768,22.723820,0.000000,14-3-1 8:50:36,1393635036000,23.000000,290.000000,23.000000,0.000000,ESJ0132,14-3-1 8:50:36,1393635036000,ESJ0182,1,0,2,101.0
02,,BD5920,B6374,B6374,2,0,113.824509,22.724155,0.000000,14-3-1 8:50:56,1393635056000,28.000000,287.000000,28.000000,0.000000,ESJ0132,14-3-1 8:50:56,1393635056000,ESJ0182,1,2,2,34.0
00,,BD5920,B6374,B6374,2,0,113.823830,22.724327,0.000000,14-3-1 8:52:46,1393635166000,14.000000,267.000000,14.000000,0.000000,1,0,3,99.0
01,,BD5920,B6374,B6374,2,0,113.823555,22.723713,0.000000,14-3-1 8:53:1,1393635181000,19.000000,189.000000,19.000000,0.000000,ESJ0182,14-3-1 8:53:1,1393635181000,ESJ0183,1,3,3,25.0
02,,BD5920,B6374,B6374,2,0,113.823441,22.723127,0.000000,14-3-1 8:53:21,1393635201000,25.000000,200.000000,25.000000,0.000000,ESJ0182,14-3-1 8:53:21,1393635201000,ESJ0183,1,0,3,41.0
00,,BD5920,B6374,B6374,2,0,113.823128,22.721561,0.000000,14-3-1 8:53:41,1393635221000,34.000000,188.000000,34.000000,0.000000,1,0,3,218.0
00,,BD5920,B6374,B6374,2,0,113.822899,22.720720,0.000000,14-3-1 8:53:51,1393635231000,35.000000,191.000000,35.000000,0.000000,1,0,4,161.0
01,,BD5920,B6374,B6374,2,0,113.822723,22.719872,0.000000,14-3-1 8:54:1,1393635241000,34.000000,192.000000,34.000000,0.000000,ESJ0183,14-3-1 8:54:1,1393635241000,ESJ0184,1,4,4,65.0
02,,BD5920,B6374,B6374,2,0,113.822388,22.718367,0.000000,14-3-1 8:54:21,1393635261000,29.000000,191.000000,29.000000,0.000000,ESJ0183,14-3-1 8:54:21,1393635261000,ESJ0184,1,0,4,106.0
00,,BD5920,B6374,B6374,2,0,113.822182,22.717640,0.000000,14-3-1 8:56:1,1393635361000,25.000000,200.000000,25.000000,0.000000,1,0,5,113.0
01,,BD5920,B6374,B6374,2,0,113.821854,22.716915,0.000000,14-3-1 8:56:11,1393635371000,29.000000,200.000000,29.000000,0.000000,ESJ0184,14-3-1 8:56:11,1393635371000,ESJ0288,1,5,5,26.0
02,,BD5920,B6374,B6374,2,0,113.821381,22.715523,0.000000,14-3-1 8:56:31,1393635391000,35.000000,197.000000,35.000000,0.000000,ESJ0184,14-3-1 8:56:31,1393635391000,ESJ0288,1,0,5,137.0
00,,BD5920,B6374,B6374,2,0,113.820786,22.713928,0.000000,14-3-1 8:58:1,1393635481000,13.000000,196.000000,13.000000,0.000000,1,0,5,325.0
00,,BD5920,B6374,B6374,2,0,113.821075,22.713549,0.000000,14-3-1 9:0:46,1393635646000,23.000000,150.000000,23.000000,0.000000,1,0,5,358.0
00,,BD5920,B6374,B6374,2,0,113.821838,22.713448,0.000000,14-3-1 9:0:56,1393635656000,33.000000,113.000000,33.000000,0.000000,1,0,6,317.0
00,,BD5920,B6374,B6374,2,0,113.822723,22.713331,0.000000,14-3-1 9:1:6,1393635666000,35.000000,99.000000,35.000000,0.000000,1,0,6,225.0
00,,BD5920,B6374,B6374,2,0,113.823616,22.713211,0.000000,14-3-1 9:1:16,1393635676000,33.000000,97.000000,33.000000,0.000000,1,0,6,132.0
01,,BD5920,B6374,B6374,2,0,113.824532,22.713097,0.000000,14-3-1 9:1:26,1393635686000,36.000000,96.000000,36.000000,0.000000,ESJ0288,14-3-1 9:1:26,1393635686000,ESJ0017,1,6,6,38.0
02,,BD5920,B6374,B6374,2,0,113.825287,22.713017,0.000000,14-3-1 9:1:46,1393635706000,16.000000,99.000000,16.000000,0.000000,ESJ0288,14-3-1 9:1:46,1393635706000,ESJ0017,1,0,6,42.0
00,,BD5920,B6374,B6374,2,0,113.827751,22.712646,0.000000,14-3-1 9:2:16,1393635736000,36.000000,100.000000,36.000000,0.000000,1,0,7,216.0
00,,BD5920,B6374,B6374,2,0,113.830025,22.711559,0.000000,14-3-1 9:2:56,1393635776000,31.000000,255.000000,31.000000,0.000000,1,7,7,118.0
00,,BD5920,B6374,B6374,2,0,113.832237,22.717543,0.000000,14-3-1 9:4:42,1393635882000,38.000000,28.000000,38.000000,0.000000,1,0,8,247.0
00,,BD5920,B6374,B6374,2,0,113.832771,22.718384,0.000000,14-3-1 9:4:52,1393635892000,38.000000,29.000000,38.000000,0.000000,1,0,9,199.0
00,,BD5920,B6374,B6374,2,0,113.833229,22.719221,0.000000,14-3-1 9:5:2,1393635902000,37.000000,27.000000,37.000000,0.000000,1,0,9,95.0
01,,BD5920,B6374,B6374,2,0,113.833611,22.719868,0.000000,14-3-1 9:5:12,1393635912000,17.000000,28.000000,17.000000,0.000000,ESJ0554,14-3-1 9:5:12,1393635912000,ESJ0032,1,9,9,13.0
02,,BD5920,B6374,B6374,2,0,113.834030,22.720821,0.000000,14-3-1 9:5:32,1393635932000,31.000000,25.000000,31.000000,0.000000,ESJ0554,14-3-1 9:5:32,1393635932000,ESJ0032,1,0,9,102.0
01,,BD5920,B6374,B6374,2,0,113.835213,22.723467,0.000000,14-3-1 9:6:11,1393635971000,17.000000,55.000000,17.000000,0.000000,ESJ0032,14-3-1 9:6:11,1393635971000,ESJ0034,1,10,10,51.0
