00,,BD5703,B6374,B6374,2,0,113.828712,22.715609,0.000000,14-3-1 14:49:27,1393656567000,14.000000,8.000000,14.000000,0.000000,1,1,1,140.0
00,,BD5703,B6374,B6374,2,0,113.828728,22.716003,0.000000,14-3-1 14:49:37,1393656577000,20.000000,7.000000,20.000000,0.000000,1,0,1,174.0
00,,BD5703,B6374,B6374,2,0,113.828728,22.716003,0.000000,14-3-1 14:49:37,1393656577000,20.000000,7.000000,20.000000,0.000000,1,0,1,174.0
00,,BD5703,B6374,B6374,2,0,113.828888,22.716751,0.000000,14-3-1 14:50:7,1393656607000,17.000000,7.000000,17.000000,0.000000,1,0,1,242.0
00,,BD5703,B6374,B6374,2,0,113.829010,22.717127,0.000000,14-3-1 14:50:27,1393656627000,14.000000,348.000000,14.000000,0.000000,1,0,1,279.0
00,,BD5703,B6374,B6374,2,0,113.828514,22.717167,0.000000,14-3-1 14:50:37,1393656637000,13.000000,302.000000,13.000000,0.000000,1,0,1,299.0
00,,BD5703,B6374,B6374,2,0,113.827751,22.717192,0.000000,14-3-1 14:50:57,1393656657000,22.000000,279.000000,22.000000,0.000000,1,0,1,340.0
00,,BD5703,B6374,B6374,2,0,113.827423,22.718306,0.000000,14-3-1 14:51:22,1393656682000,30.000000,8.000000,30.000000,0.000000,1,0,1,463.0
00,,BD5703,B6374,B6374,2,0,113.827599,22.719160,0.000000,14-3-1 14:51:32,1393656692000,30.000000,8.000000,30.000000,0.000000,1,0,4,518.0
00,,BD5703,B6374,B6374,2,0,113.827713,22.719936,0.000000,14-3-1 14:51:42,1393656702000,33.000000,7.000000,33.000000,0.000000,1,0,4,534.0
00,,BD5703,B6374,B6374,2,0,113.827812,22.720772,0.000000,14-3-1 14:51:52,1393656712000,36.000000,7.000000,36.000000,0.000000,1,0,2,475.0
00,,BD5703,B6374,B6374,2,0,113.827896,22.721460,0.000000,14-3-1 14:52:2,1393656722000,16.000000,10.000000,16.000000,0.000000,1,0,2,426.0
00,,BD5703,B6374,B6374,2,0,113.827965,22.721767,0.000000,14-3-1 14:52:12,1393656732000,16.000000,5.000000,16.000000,0.000000,1,0,2,410.0
00,,BD5703,B6374,B6374,2,0,113.827988,22.722227,0.000000,14-3-1 14:52:22,1393656742000,17.000000,4.000000,17.000000,0.000000,1,0,2,383.0
00,,BD5703,B6374,B6374,2,0,113.827988,22.722532,0.000000,14-3-1 14:52:32,1393656752000,16.000000,3.000000,16.000000,0.000000,1,0,2,366.0
00,,BD5703,B6374,B6374,2,0,113.827965,22.722883,0.000000,14-3-1 14:53:12,1393656792000,16.000000,0.000000,16.000000,0.000000,1,0,2,348.0
00,,BD5703,B6374,B6374,2,0,113.827850,22.723160,0.000000,14-3-1 14:53:22,1393656802000,20.000000,282.000000,20.000000,0.000000,1,0,2,327.0
00,,BD5703,B6374,B6374,2,0,113.826981,22.723476,0.000000,14-3-1 14:53:32,1393656812000,30.000000,290.000000,30.000000,0.000000,1,0,2,231.0
01,,BD5703,B6374,B6374,2,0,113.825943,22.723867,0.000000,14-3-1 14:53:42,1393656822000,39.000000,292.000000,39.000000,0.000000,ESJ0132,14-3-1 14:53:42,1393656822000,ESJ0182,1,0,2,118.0
02,,BD5703,B6374,B6374,2,0,113.824654,22.724186,0.000000,14-3-1 14:54:2,1393656842000,25.000000,289.000000,25.000000,0.000000,ESJ0132,14-3-1 14:54:2,1393656842000,ESJ0182,1,2,2,24.0
00,,BD5703,B6374,B6374,2,0,113.821449,22.714737,0.000000,14-3-1 14:58:36,1393657116000,21.000000,199.000000,21.000000,0.000000,1,0,5,221.0
00,,BD5703,B6374,B6374,2,0,113.821205,22.713957,0.000000,14-3-1 14:58:45,1393657125000,25.000000,199.000000,25.000000,0.000000,1,0,5,311.0
00,,BD5703,B6374,B6374,2,0,113.820755,22.713856,0.000000,14-3-1 14:58:55,1393657135000,0.000000,197.000000,0.000000,0.000000,1,0,5,333.0
00,,BD5703,B6374,B6374,2,0,113.820702,22.713892,0.000000,14-3-1 14:59:5,1393657145000,0.000000,197.000000,0.000000,0.000000,1,0,5,331.0
00,,BD5703,B6374,B6374,2,0,113.820702,22.713917,0.000000,14-3-1 14:59:15,1393657155000,0.000000,197.000000,0.000000,0.000000,1,0,5,328.0
00,,BD5703,B6374,B6374,2,0,113.820740,22.714062,0.000000,14-3-1 14:59:25,1393657165000,0.000000,197.000000,0.000000,0.000000,1,0,5,312.0
00,,BD5703,B6374,B6374,2,0,113.820770,22.714096,0.000000,14-3-1 14:59:35,1393657175000,0.000000,197.000000,0.000000,0.000000,1,0,5,307.0
00,,BD5703,B6374,B6374,2,0,113.820786,22.714096,0.000000,14-3-1 14:59:45,1393657185000,0.000000,197.000000,0.000000,0.000000,1,0,5,307.0
00,,BD5703,B6374,B6374,2,0,113.820686,22.713736,0.000000,14-3-1 15:0:54,1393657254000,10.000000,152.000000,10.000000,0.000000,1,0,5,348.0
00,,BD5703,B6374,B6374,2,0,113.821709,22.713516,0.000000,14-3-1 15:1:8,1393657268000,20.000000,98.000000,20.000000,0.000000,1,0,6,331.0
00,,BD5703,B6374,B6374,2,0,113.822655,22.713396,0.000000,14-3-1 15:1:18,1393657278000,30.000000,99.000000,30.000000,0.000000,1,0,6,233.0
00,,BD5703,B6374,B6374,2,0,113.823692,22.713257,0.000000,14-3-1 15:1:28,1393657288000,38.000000,99.000000,38.000000,0.000000,1,0,6,126.0
01,,BD5703,B6374,B6374,2,0,113.824738,22.713116,0.000000,14-3-1 15:1:38,1393657298000,36.000000,98.000000,36.000000,0.000000,ESJ0288,14-3-1 15:1:38,1393657298000,ESJ0017,1,6,6,22.0
02,,BD5703,B6374,B6374,2,0,113.825775,22.713009,0.000000,14-3-1 15:2:28,1393657348000,29.000000,98.000000,29.000000,0.000000,ESJ0288,14-3-1 15:2:28,1393657348000,ESJ0017,1,0,6,92.0
00,,BD5703,B6374,B6374,2,0,113.827660,22.712696,0.000000,14-3-1 15:2:48,1393657368000,41.000000,97.000000,41.000000,0.000000,1,0,7,225.0
00,,BD5703,B6374,B6374,2,0,113.828789,22.712536,0.000000,14-3-1 15:2:58,1393657378000,41.000000,98.000000,41.000000,0.000000,1,0,7,110.0
00,,BD5703,B6374,B6374,2,0,113.830269,22.712236,0.000000,14-3-1 15:3:13,1393657393000,32.000000,132.000000,32.000000,0.000000,1,0,7,60.0
00,,BD5703,B6374,B6374,2,0,113.830414,22.711811,0.000000,14-3-1 15:3:18,1393657398000,33.000000,196.000000,33.000000,0.000000,1,0,7,106.0
00,,BD5703,B6374,B6374,2,0,113.830002,22.711569,0.000000,14-3-1 15:3:23,1393657403000,35.000000,268.000000,35.000000,0.000000,1,0,7,117.0
00,,BD5703,B6374,B6374,2,0,113.829689,22.711737,0.000000,14-3-1 15:3:28,1393657408000,20.000000,326.000000,20.000000,0.000000,1,0,7,99.0
00,,BD5703,B6374,B6374,2,0,113.829674,22.712135,0.000000,14-3-1 15:3:38,1393657418000,23.000000,16.000000,23.000000,0.000000,1,0,7,56.0
00,,BD5703,B6374,B6374,2,0,113.829849,22.712683,0.000000,14-3-1 15:3:48,1393657428000,22.000000,13.000000,22.000000,0.000000,1,7,7,8.0
00,,BD5703,B6374,B6374,2,0,113.830147,22.713469,0.000000,14-3-1 15:3:58,1393657438000,32.000000,20.000000,32.000000,0.000000,1,0,7,100.0
00,,BD5703,B6374,B6374,2,0,113.830498,22.714287,0.000000,14-3-1 15:4:8,1393657448000,33.000000,21.000000,33.000000,0.000000,1,0,1,98.0
01,,BD5703,B6374,B6374,2,0,113.830849,22.715036,0.000000,14-3-1 15:4:18,1393657458000,32.000000,26.000000,32.000000,0.000000,ESJ0552,14-3-1 15:4:18,1393657458000,ESJ0554,1,0,8,67.0
00,,BD5703,B6374,B6374,2,0,113.831169,22.715599,0.000000,14-3-1 15:4:38,1393657478000,14.000000,23.000000,14.000000,0.000000,1,8,8,7.0
02,,BD5703,B6374,B6374,2,0,113.832062,22.717186,0.000000,14-3-1 15:4:58,1393657498000,50.000000,27.000000,50.000000,0.000000,ESJ0552,14-3-1 15:4:58,1393657498000,ESJ0554,1,0,8,204.0
01,,BD5703,B6374,B6374,2,0,113.833290,22.719433,0.000000,14-3-1 15:5:18,1393657518000,47.000000,25.000000,47.000000,0.000000,ESJ0554,14-3-1 15:5:18,1393657518000,ESJ0032,1,9,9,71.0
02,,BD5703,B6374,B6374,2,0,113.834099,22.721106,0.000000,14-3-1 15:5:48,1393657548000,38.000000,23.000000,38.000000,0.000000,ESJ0554,14-3-1 15:5:48,1393657548000,ESJ0032,1,0,9,134.0
00,,BD5703,B6374,B6374,2,0,113.834915,22.723091,0.000000,14-3-1 15:6:8,1393657568000,41.000000,16.000000,41.000000,0.000000,1,0,10,60.0
01,,BD5703,B6374,B6374,2,0,113.835258,22.723507,0.000000,14-3-1 15:6:18,1393657578000,12.000000,111.000000,12.000000,0.000000,ESJ0032,14-3-1 15:6:18,1393657578000,ESJ0034,1,10,10,52.0
02,,BD5703,B6374,B6374,2,0,113.836296,22.722471,0.000000,14-3-1 15:6:48,1393657608000,27.000000,138.000000,27.000000,0.000000,ESJ0032,14-3-1 15:6:48,1393657608000,ESJ0034,1,0,10,107.0
01,,BD5703,B6374,B6374,2,0,113.836975,22.721767,0.000000,14-3-1 15:7:8,1393657628000,15.000000,132.000000,15.000000,0.000000,ESJ0034,14-3-1 15:7:8,1393657628000,ESJ0035,1,11,11,78.0
02,,BD5703,B6374,B6374,2,0,113.838058,22.720699,0.000000,14-3-1 15:8:8,1393657688000,15.000000,138.000000,15.000000,0.000000,ESJ0034,14-3-1 15:8:8,1393657688000,ESJ0035,1,0,11,87.0
00,,BD5703,B6374,B6374,2,0,113.838829,22.720272,0.000000,14-3-1 15:8:28,1393657708000,21.000000,102.000000,21.000000,0.000000,1,0,12,85.0
00,,BD5703,B6374,B6374,2,0,113.839775,22.719995,0.000000,14-3-1 15:9:0,1393657740000,22.000000,99.000000,22.000000,0.000000,1,12,12,20.0
01,,BD5703,B6374,B6374,2,0,113.840210,22.719952,0.000000,14-3-1 15:9:18,1393657758000,14.000000,98.000000,14.000000,0.000000,ESJ0035,14-3-1 15:9:18,1393657758000,ESJ0769,1,0,12,62.0
02,,BD5703,B6374,B6374,2,0,113.841301,22.719839,0.000000,14-3-1 15:9:38,1393657778000,20.000000,89.000000,20.000000,0.000000,ESJ0035,14-3-1 15:9:38,1393657778000,ESJ0769,1,0,13,71.0
01,,BD5703,B6374,B6374,2,0,113.842247,22.719856,0.000000,14-3-1 15:9:58,1393657798000,17.000000,84.000000,17.000000,0.000000,ESJ0769,14-3-1 15:9:58,1393657798000,ESJ0038,1,13,13,27.0
00,,BD5703,B6374,B6374,2,0,113.842987,22.719776,0.000000,14-3-1 15:10:8,1393657808000,20.000000,104.000000,20.000000,0.000000,1,0,13,103.0
02,,BD5703,B6374,B6374,2,0,113.843674,22.719624,0.000000,14-3-1 15:10:28,1393657828000,16.000000,104.000000,16.000000,0.000000,ESJ0769,14-3-1 15:10:28,1393657828000,ESJ0038,1,0,14,97.0
00,,BD5703,B6374,B6374,2,0,113.844254,22.719252,0.000000,14-3-1 15:11:28,1393657888000,11.000000,133.000000,11.000000,0.000000,1,0,14,25.0
00,,BD5703,B6374,B6374,2,0,113.844551,22.719006,0.000000,14-3-1 15:11:38,1393657898000,18.000000,132.000000,18.000000,0.000000,1,14,14,16.0
00,,BD5703,B6374,B6374,2,0,113.845009,22.718672,0.000000,14-3-1 15:11:48,1393657908000,21.000000,127.000000,21.000000,0.000000,1,0,14,76.0
00,,BD5703,B6374,B6374,2,0,113.845421,22.718342,0.000000,14-3-1 15:11:58,1393657918000,21.000000,127.000000,21.000000,0.000000,1,0,14,132.0
00,,BD5703,B6374,B6374,2,0,113.845947,22.718027,0.000000,14-3-1 15:12:8,1393657928000,26.000000,124.000000,26.000000,0.000000,1,0,14,196.0
00,,BD5703,B6374,B6374,2,0,113.846535,22.717646,0.000000,14-3-1 15:12:18,1393657938000,26.000000,126.000000,26.000000,0.000000,1,0,14,270.0
00,,BD5703,B6374,B6374,2,0,113.847122,22.717302,0.000000,14-3-1 15:12:28,1393657948000,26.000000,122.000000,26.000000,0.000000,1,0,15,288.0
00,,BD5703,B6374,B6374,2,0,113.847809,22.717068,0.000000,14-3-1 15:12:38,1393657958000,27.000000,114.000000,27.000000,0.000000,1,0,15,213.0
00,,BD5703,B6374,B6374,2,0,113.848572,22.716776,0.000000,14-3-1 15:12:48,1393657968000,36.000000,113.000000,36.000000,0.000000,1,0,15,128.0
01,,BD5703,B6374,B6374,2,0,113.849670,22.716352,0.000000,14-3-1 15:12:58,1393657978000,43.000000,113.000000,43.000000,0.000000,ESJ0038,14-3-1 15:12:58,1393657978000,ESJ0544,1,15,15,6.0
02,,BD5703,B6374,B6374,2,0,113.850533,22.715828,0.000000,14-3-1 15:13:13,1393657993000,25.000000,181.000000,25.000000,0.000000,ESJ0038,14-3-1 15:13:13,1393657993000,ESJ0544,1,0,15,100.0
01,,BD5703,B6374,B6374,2,0,113.850273,22.714832,0.000000,14-3-1 15:13:43,1393658023000,15.000000,179.000000,15.000000,0.000000,ESJ0544,14-3-1 15:13:43,1393658023000,ESJ0722,1,0,15,174.0
02,,BD5703,B6374,B6374,2,0,113.850533,22.713825,0.000000,14-3-1 15:14:3,1393658043000,21.000000,153.000000,21.000000,0.000000,ESJ0544,14-3-1 15:14:3,1393658043000,ESJ0722,1,0,15,289.0
00,,BD5703,B6374,B6374,2,0,113.851234,22.713221,0.000000,14-3-1 15:14:23,1393658063000,25.000000,137.000000,25.000000,0.000000,1,0,15,378.0
00,,BD5703,B6374,B6374,2,0,113.851685,22.712761,0.000000,14-3-1 15:14:33,1393658073000,22.000000,161.000000,22.000000,0.000000,1,0,15,444.0
00,,BD5703,B6374,B6374,2,0,113.851524,22.712292,0.000000,14-3-1 15:14:48,1393658088000,21.000000,209.000000,21.000000,0.000000,1,0,15,485.0
00,,BD5703,B6374,B6374,2,0,113.851196,22.711544,0.000000,14-3-1 15:14:58,1393658098000,31.000000,203.000000,31.000000,0.000000,1,0,15,552.0
00,,BD5703,B6374,B6374,2,0,113.851059,22.710756,0.000000,14-3-1 15:15:8,1393658108000,28.000000,193.000000,28.000000,0.000000,1,0,16,580.0
00,,BD5703,B6374,B6374,2,0,113.851173,22.710325,0.000000,14-3-1 15:15:23,1393658123000,17.000000,90.000000,17.000000,0.000000,1,0,16,530.0
00,,BD5703,B6374,B6374,2,0,113.851891,22.710184,0.000000,14-3-1 15:15:33,1393658133000,27.000000,103.000000,27.000000,0.000000,1,0,16,508.0
01,,BD5703,B6374,B6374,2,0,113.852814,22.709951,0.000000,14-3-1 15:15:43,1393658143000,35.000000,102.000000,35.000000,0.000000,ESJ0722,14-3-1 15:15:43,1393658143000,1,0,16,490.0
00,,BD5703,B6374,B6374,2,0,113.852737,22.707922,0.000000,14-3-1 15:16:8,1393658168000,43.000000,212.000000,43.000000,0.000000,1,0,16,268.0
00,,BD5703,B6374,B6374,2,0,113.852173,22.707056,0.000000,14-3-1 15:16:18,1393658178000,34.000000,203.000000,34.000000,0.000000,1,0,16,162.0
00,,BD5703,B6374,B6374,2,0,113.851982,22.706167,0.000000,14-3-1 15:16:28,1393658188000,31.000000,158.000000,31.000000,0.000000,1,0,16,61.0
00,,BD5703,B6374,B6374,2,0,113.852036,22.705816,0.000000,14-3-1 15:16:33,1393658193000,20.000000,200.000000,20.000000,0.000000,1,16,16,23.0
