00,,BD5828,B6374,B6374,2,0,113.828941,22.715868,0.000000,14-3-1 10:54:57,1393642497000,11.000000,18.000000,11.000000,0.000000,1,1,1,150.0
00,,BD5828,B6374,B6374,2,0,113.829041,22.716927,0.000000,14-3-1 10:55:57,1393642557000,7.000000,350.000000,7.000000,0.000000,1,0,1,256.0
00,,BD5828,B6374,B6374,2,0,113.828087,22.717136,0.000000,14-3-1 10:56:57,1393642617000,8.000000,282.000000,8.000000,0.000000,1,0,1,316.0
00,,BD5828,B6374,B6374,2,0,113.827766,22.717173,0.000000,14-3-1 10:57:7,1393642627000,12.000000,264.000000,12.000000,0.000000,1,0,1,337.0
00,,BD5828,B6374,B6374,2,0,113.827309,22.717705,0.000000,14-3-1 10:57:47,1393642667000,16.000000,7.000000,16.000000,0.000000,1,0,1,412.0
00,,BD5828,B6374,B6374,2,0,113.827408,22.718176,0.000000,14-3-1 10:57:57,1393642677000,16.000000,10.000000,16.000000,0.000000,1,0,1,451.0
00,,BD5828,B6374,B6374,2,0,113.827499,22.718649,0.000000,14-3-1 10:58:7,1393642687000,20.000000,7.000000,20.000000,0.000000,1,0,1,493.0
00,,BD5828,B6374,B6374,2,0,113.827713,22.719999,0.000000,14-3-1 10:58:27,1393642707000,21.000000,8.000000,21.000000,0.000000,1,0,4,535.0
00,,BD5828,B6374,B6374,2,0,113.827927,22.721567,0.000000,14-3-1 10:58:47,1393642727000,29.000000,10.000000,29.000000,0.000000,1,0,2,421.0
00,,BD5828,B6374,B6374,2,0,113.827965,22.721931,0.000000,14-3-1 10:58:57,1393642737000,12.000000,357.000000,12.000000,0.000000,1,0,2,399.0
00,,BD5828,B6374,B6374,2,0,113.827965,22.722326,0.000000,14-3-1 10:59:7,1393642747000,18.000000,0.000000,18.000000,0.000000,1,0,2,375.0
00,,BD5828,B6374,B6374,2,0,113.827812,22.723171,0.000000,14-3-1 11:0:7,1393642807000,15.000000,334.000000,15.000000,0.000000,1,0,2,323.0
00,,BD5828,B6374,B6374,2,0,113.827362,22.723389,0.000000,14-3-1 11:0:17,1393642817000,22.000000,307.000000,22.000000,0.000000,1,0,2,272.0
00,,BD5828,B6374,B6374,2,0,113.826576,22.723677,0.000000,14-3-1 11:0:27,1393642827000,30.000000,292.000000,30.000000,0.000000,1,0,2,186.0
01,,BD5828,B6374,B6374,2,0,113.825615,22.723972,0.000000,14-3-1 11:0:37,1393642837000,30.000000,289.000000,30.000000,0.000000,ESJ0132,14-3-1 11:0:37,1393642837000,ESJ0182,1,0,2,83.0
02,,BD5828,B6374,B6374,2,0,113.824753,22.724195,0.000000,14-3-1 11:0:47,1393642847000,30.000000,284.000000,30.000000,0.000000,ESJ0132,14-3-1 11:0:47,1393642847000,ESJ0182,1,2,2,21.0
01,,BD5828,B6374,B6374,2,0,113.823502,22.723892,0.000000,14-3-1 11:1:37,1393642897000,21.000000,232.000000,21.000000,0.000000,ESJ0182,14-3-1 11:1:37,1393642897000,ESJ0183,1,3,3,45.0
02,,BD5828,B6374,B6374,2,0,113.823097,22.722507,0.000000,14-3-1 11:2:2,1393642922000,34.000000,191.000000,34.000000,0.000000,ESJ0182,14-3-1 11:2:2,1393642922000,ESJ0183,1,0,3,118.0
00,,BD5828,B6374,B6374,2,0,113.822701,22.720940,0.000000,14-3-1 11:2:22,1393642942000,31.000000,193.000000,31.000000,0.000000,1,0,4,182.0
01,,BD5828,B6374,B6374,2,0,113.822525,22.719986,0.000000,14-3-1 11:2:32,1393642952000,36.000000,193.000000,36.000000,0.000000,ESJ0183,14-3-1 11:2:32,1393642952000,ESJ0184,1,4,4,75.0
02,,BD5828,B6374,B6374,2,0,113.822235,22.718399,0.000000,14-3-1 11:2:52,1393642972000,20.000000,198.000000,20.000000,0.000000,ESJ0183,14-3-1 11:2:52,1393642972000,ESJ0184,1,0,4,106.0
00,,BD5828,B6374,B6374,2,0,113.822113,22.717812,0.000000,14-3-1 11:3:52,1393643032000,22.000000,197.000000,22.000000,0.000000,1,0,5,129.0
01,,BD5828,B6374,B6374,2,0,113.821869,22.717127,0.000000,14-3-1 11:4:2,1393643042000,31.000000,197.000000,31.000000,0.000000,ESJ0184,14-3-1 11:4:2,1393643042000,ESJ0288,1,5,5,49.0
02,,BD5828,B6374,B6374,2,0,113.821304,22.715736,0.000000,14-3-1 11:4:22,1393643062000,31.000000,199.000000,31.000000,0.000000,ESJ0184,14-3-1 11:4:22,1393643062000,ESJ0288,1,0,5,117.0
00,,BD5828,B6374,B6374,2,0,113.820786,22.714272,0.000000,14-3-1 11:4:42,1393643082000,16.000000,209.000000,16.000000,0.000000,1,0,5,288.0
00,,BD5828,B6374,B6374,2,0,113.820663,22.713644,0.000000,14-3-1 11:6:42,1393643202000,16.000000,136.000000,16.000000,0.000000,1,0,5,359.0
00,,BD5828,B6374,B6374,2,0,113.820915,22.713575,0.000000,14-3-1 11:6:47,1393643207000,24.000000,97.000000,24.000000,0.000000,1,0,5,359.0
00,,BD5828,B6374,B6374,2,0,113.821777,22.713488,0.000000,14-3-1 11:6:57,1393643217000,34.000000,96.000000,34.000000,0.000000,1,0,6,324.0
00,,BD5828,B6374,B6374,2,0,113.822739,22.713375,0.000000,14-3-1 11:7:7,1393643227000,38.000000,97.000000,38.000000,0.000000,1,0,6,224.0
00,,BD5828,B6374,B6374,2,0,113.823662,22.713240,0.000000,14-3-1 11:7:17,1393643237000,27.000000,97.000000,27.000000,0.000000,1,0,6,129.0
01,,BD5828,B6374,B6374,2,0,113.824341,22.713146,0.000000,14-3-1 11:7:27,1393643247000,28.000000,96.000000,28.000000,0.000000,ESJ0288,14-3-1 11:7:27,1393643247000,ESJ0017,1,6,6,59.0
02,,BD5828,B6374,B6374,2,0,113.825523,22.713009,0.000000,14-3-1 11:8:7,1393643287000,15.000000,99.000000,15.000000,0.000000,ESJ0288,14-3-1 11:8:7,1393643287000,ESJ0017,1,0,6,66.0
00,,BD5828,B6374,B6374,2,0,113.826859,22.712805,0.000000,14-3-1 11:8:27,1393643307000,23.000000,104.000000,23.000000,0.000000,1,0,6,204.0
00,,BD5828,B6374,B6374,2,0,113.828415,22.712603,0.000000,14-3-1 11:8:47,1393643327000,32.000000,96.000000,32.000000,0.000000,1,0,7,148.0
01,,BD5828,B6374,B6374,2,0,113.829292,22.712465,0.000000,14-3-1 11:8:57,1393643337000,33.000000,99.000000,33.000000,0.000000,ESJ0017,14-3-1 11:8:57,1393643337000,ESJ0552,1,0,7,60.0
02,,BD5828,B6374,B6374,2,0,113.830147,22.712313,0.000000,14-3-1 11:9:7,1393643347000,27.000000,105.000000,27.000000,0.000000,ESJ0017,14-3-1 11:9:7,1393643347000,ESJ0552,1,0,7,45.0
00,,BD5828,B6374,B6374,2,0,113.829620,22.711937,0.000000,14-3-1 11:9:32,1393643372000,19.000000,1.000000,19.000000,0.000000,1,0,7,79.0
00,,BD5828,B6374,B6374,2,0,113.829765,22.712463,0.000000,14-3-1 11:9:42,1393643382000,21.000000,20.000000,21.000000,0.000000,1,7,7,19.0
00,,BD5828,B6374,B6374,2,0,113.829865,22.712856,0.000000,14-3-1 11:9:52,1393643392000,17.000000,15.000000,17.000000,0.000000,1,0,7,27.0
00,,BD5828,B6374,B6374,2,0,113.830093,22.713509,0.000000,14-3-1 11:10:2,1393643402000,27.000000,16.000000,27.000000,0.000000,1,0,7,103.0
00,,BD5828,B6374,B6374,2,0,113.830460,22.714296,0.000000,14-3-1 11:10:12,1393643412000,31.000000,18.000000,31.000000,0.000000,1,0,1,95.0
00,,BD5828,B6374,B6374,2,0,113.837822,22.720922,0.000000,14-3-1 11:14:11,1393643651000,20.000000,139.000000,20.000000,0.000000,1,11,11,53.0
00,,BD5828,B6374,B6374,2,0,113.838249,22.720501,0.000000,14-3-1 11:14:21,1393643661000,15.000000,120.000000,15.000000,0.000000,1,0,11,116.0
00,,BD5828,B6374,B6374,2,0,113.843552,22.719727,0.000000,14-3-1 11:16:19,1393643779000,25.000000,94.000000,25.000000,0.000000,1,0,14,114.0
00,,BD5828,B6374,B6374,2,0,113.843925,22.719540,0.000000,14-3-1 11:16:29,1393643789000,17.000000,119.000000,17.000000,0.000000,1,0,14,72.0
00,,BD5828,B6374,B6374,2,0,113.844482,22.719181,0.000000,14-3-1 11:16:39,1393643799000,26.000000,129.000000,26.000000,0.000000,1,14,14,10.0
00,,BD5828,B6374,B6374,2,0,113.845062,22.718752,0.000000,14-3-1 11:16:49,1393643809000,30.000000,124.000000,30.000000,0.000000,1,0,14,75.0
00,,BD5828,B6374,B6374,2,0,113.845749,22.718306,0.000000,14-3-1 11:16:59,1393643819000,28.000000,120.000000,28.000000,0.000000,1,0,14,161.0
00,,BD5828,B6374,B6374,2,0,113.846352,22.717939,0.000000,14-3-1 11:17:8,1393643828000,33.000000,121.000000,33.000000,0.000000,1,0,14,236.0
00,,BD5828,B6374,B6374,2,0,113.847107,22.717373,0.000000,14-3-1 11:17:18,1393643838000,35.000000,125.000000,35.000000,0.000000,1,0,15,293.0
00,,BD5828,B6374,B6374,2,0,113.847885,22.717087,0.000000,14-3-1 11:17:28,1393643848000,26.000000,115.000000,26.000000,0.000000,1,0,15,207.0
00,,BD5828,B6374,B6374,2,0,113.850571,22.715796,0.000000,14-3-1 11:18:17,1393643897000,24.000000,191.000000,24.000000,0.000000,1,15,15,105.0
00,,BD5828,B6374,B6374,2,0,113.850372,22.715164,0.000000,14-3-1 11:18:37,1393643917000,12.000000,181.000000,12.000000,0.000000,1,0,15,145.0
01,,BD5828,B6374,B6374,2,0,113.850243,22.714628,0.000000,14-3-1 11:18:47,1393643927000,22.000000,197.000000,22.000000,0.000000,ESJ0544,14-3-1 11:18:47,1393643927000,ESJ0722,1,0,15,195.0
02,,BD5828,B6374,B6374,2,0,113.850456,22.713943,0.000000,14-3-1 11:19:17,1393643957000,17.000000,134.000000,17.000000,0.000000,ESJ0544,14-3-1 11:19:17,1393643957000,ESJ0722,1,0,15,274.0
00,,BD5828,B6374,B6374,2,0,113.851257,22.713184,0.000000,14-3-1 11:19:37,1393643977000,24.000000,127.000000,24.000000,0.000000,1,0,15,383.0
00,,BD5828,B6374,B6374,2,0,113.851730,22.712744,0.000000,14-3-1 11:19:47,1393643987000,18.000000,158.000000,18.000000,0.000000,1,0,15,448.0
00,,BD5828,B6374,B6374,2,0,113.851463,22.712004,0.000000,14-3-1 11:20:2,1393644002000,25.000000,214.000000,25.000000,0.000000,1,0,15,512.0
00,,BD5828,B6374,B6374,2,0,113.851219,22.711340,0.000000,14-3-1 11:20:12,1393644012000,29.000000,191.000000,29.000000,0.000000,1,0,15,575.0
00,,BD5828,B6374,B6374,2,0,113.851097,22.710793,0.000000,14-3-1 11:20:22,1393644022000,27.000000,196.000000,27.000000,0.000000,1,0,16,583.0
00,,BD5828,B6374,B6374,2,0,113.851135,22.710281,0.000000,14-3-1 11:20:32,1393644032000,16.000000,112.000000,16.000000,0.000000,1,0,16,526.0
00,,BD5828,B6374,B6374,2,0,113.851891,22.710106,0.000000,14-3-1 11:20:42,1393644042000,26.000000,99.000000,26.000000,0.000000,1,0,16,500.0
01,,BD5828,B6374,B6374,2,0,113.852722,22.709951,0.000000,14-3-1 11:20:52,1393644052000,31.000000,101.000000,31.000000,0.000000,ESJ0722,14-3-1 11:20:52,1393644052000,1,0,16,489.0
00,,BD5828,B6374,B6374,2,0,113.853271,22.708704,0.000000,14-3-1 11:21:12,1393644072000,29.000000,186.000000,29.000000,0.000000,1,0,16,369.0
00,,BD5828,B6374,B6374,2,0,113.852768,22.707912,0.000000,14-3-1 11:21:22,1393644082000,38.000000,213.000000,38.000000,0.000000,1,0,16,268.0
00,,BD5828,B6374,B6374,2,0,113.852310,22.707216,0.000000,14-3-1 11:21:32,1393644092000,32.000000,201.000000,32.000000,0.000000,1,0,16,181.0
00,,BD5828,B6374,B6374,2,0,113.851952,22.706495,0.000000,14-3-1 11:21:42,1393644102000,26.000000,193.000000,26.000000,0.000000,1,16,16,98.0
