00,,BD5736,B6374,B6374,2,0,113.844353,22.719149,0.000000,14-3-1 10:23:27,1393640607000,20.000000,129.000000,20.000000,0.000000,1,14,14,10.0
00,,BD5736,B6374,B6374,2,0,113.845085,22.718620,0.000000,14-3-1 10:23:37,1393640617000,30.000000,127.000000,30.000000,0.000000,1,0,14,86.0
00,,BD5736,B6374,B6374,2,0,113.845787,22.718100,0.000000,14-3-1 10:23:46,1393640626000,27.000000,124.000000,27.000000,0.000000,1,0,14,178.0
00,,BD5736,B6374,B6374,2,0,113.846474,22.717699,0.000000,14-3-1 10:23:56,1393640636000,31.000000,126.000000,31.000000,0.000000,1,0,14,261.0
00,,BD5736,B6374,B6374,2,0,113.847229,22.717257,0.000000,14-3-1 10:24:6,1393640646000,33.000000,115.000000,33.000000,0.000000,1,0,15,276.0
00,,BD5736,B6374,B6374,2,0,113.847900,22.717035,0.000000,14-3-1 10:24:16,1393640656000,24.000000,108.000000,24.000000,0.000000,1,0,15,203.0
00,,BD5736,B6374,B6374,2,0,113.848610,22.716724,0.000000,14-3-1 10:24:26,1393640666000,34.000000,114.000000,34.000000,0.000000,1,0,15,122.0
01,,BD5736,B6374,B6374,2,0,113.849609,22.716356,0.000000,14-3-1 10:24:36,1393640676000,41.000000,114.000000,41.000000,0.000000,ESJ0038,14-3-1 10:24:36,1393640676000,ESJ0544,1,15,15,12.0
02,,BD5736,B6374,B6374,2,0,113.850471,22.715973,0.000000,14-3-1 10:25:6,1393640706000,18.000000,128.000000,18.000000,0.000000,ESJ0038,14-3-1 10:25:6,1393640706000,ESJ0544,1,0,15,86.0
01,,BD5736,B6374,B6374,2,0,113.850296,22.714560,0.000000,14-3-1 10:25:31,1393640731000,26.000000,203.000000,26.000000,0.000000,ESJ0544,14-3-1 10:25:31,1393640731000,ESJ0722,1,0,15,204.0
02,,BD5736,B6374,B6374,2,0,113.850502,22.713886,0.000000,14-3-1 10:25:51,1393640751000,21.000000,124.000000,21.000000,0.000000,ESJ0544,14-3-1 10:25:51,1393640751000,ESJ0722,1,0,15,282.0
00,,BD5736,B6374,B6374,2,0,113.851685,22.712791,0.000000,14-3-1 10:26:11,1393640771000,22.000000,153.000000,22.000000,0.000000,1,0,15,441.0
00,,BD5736,B6374,B6374,2,0,113.851387,22.711864,0.000000,14-3-1 10:26:26,1393640786000,32.000000,199.000000,32.000000,0.000000,1,0,15,524.0
00,,BD5736,B6374,B6374,2,0,113.851059,22.710917,0.000000,14-3-1 10:26:36,1393640796000,37.000000,198.000000,37.000000,0.000000,1,0,16,597.0
00,,BD5736,B6374,B6374,2,0,113.850975,22.710373,0.000000,14-3-1 10:26:46,1393640806000,11.000000,131.000000,11.000000,0.000000,1,0,16,539.0
00,,BD5736,B6374,B6374,2,0,113.851776,22.710213,0.000000,14-3-1 10:27:1,1393640821000,21.000000,104.000000,21.000000,0.000000,1,0,16,512.0
01,,BD5736,B6374,B6374,2,0,113.852646,22.710003,0.000000,14-3-1 10:27:11,1393640831000,31.000000,103.000000,31.000000,0.000000,ESJ0722,14-3-1 10:27:11,1393640831000,1,0,16,493.0
00,,BD5736,B6374,B6374,2,0,113.853287,22.708916,0.000000,14-3-1 10:27:31,1393640851000,26.000000,185.000000,26.000000,0.000000,1,0,16,391.0
00,,BD5736,B6374,B6374,2,0,113.852959,22.708185,0.000000,14-3-1 10:27:41,1393640861000,36.000000,215.000000,36.000000,0.000000,1,0,16,303.0
00,,BD5736,B6374,B6374,2,0,113.852394,22.707417,0.000000,14-3-1 10:27:51,1393640871000,35.000000,217.000000,35.000000,0.000000,1,0,16,205.0
00,,BD5736,B6374,B6374,2,0,113.851662,22.705441,0.000000,14-3-1 10:28:36,1393640916000,14.000000,228.000000,14.000000,0.000000,1,16,16,37.0
