00,,BD5703,B6374,B6374,2,0,113.828697,22.715475,0.000000,14-3-1 9:38:23,1393637903000,18.000000,7.000000,18.000000,0.000000,1,1,1,131.0
00,,BD5703,B6374,B6374,2,0,113.828728,22.715992,0.000000,14-3-1 9:38:33,1393637913000,22.000000,359.000000,22.000000,0.000000,1,0,1,173.0
00,,BD5703,B6374,B6374,2,0,113.828873,22.716387,0.000000,14-3-1 9:38:43,1393637923000,22.000000,357.000000,22.000000,0.000000,1,0,1,205.0
00,,BD5703,B6374,B6374,2,0,113.828873,22.716387,0.000000,14-3-1 9:38:43,1393637923000,22.000000,357.000000,22.000000,0.000000,1,0,1,205.0
00,,BD5703,B6374,B6374,2,0,113.829010,22.716822,0.000000,14-3-1 9:38:53,1393637933000,16.000000,14.000000,16.000000,0.000000,1,0,1,246.0
00,,BD5703,B6374,B6374,2,0,113.828850,22.717028,0.000000,14-3-1 9:39:8,1393637948000,13.000000,333.000000,13.000000,0.000000,1,0,1,273.0
00,,BD5703,B6374,B6374,2,0,113.828178,22.717096,0.000000,14-3-1 9:39:23,1393637963000,11.000000,295.000000,11.000000,0.000000,1,0,1,307.0
00,,BD5703,B6374,B6374,2,0,113.827309,22.717224,0.000000,14-3-1 9:39:43,1393637983000,13.000000,309.000000,13.000000,0.000000,1,0,1,370.0
00,,BD5703,B6374,B6374,2,0,113.827408,22.718143,0.000000,14-3-1 9:39:58,1393637998000,23.000000,8.000000,23.000000,0.000000,1,0,1,448.0
00,,BD5703,B6374,B6374,2,0,113.827538,22.718952,0.000000,14-3-1 9:40:8,1393638008000,33.000000,6.000000,33.000000,0.000000,1,0,4,513.0
00,,BD5703,B6374,B6374,2,0,113.827835,22.720713,0.000000,14-3-1 9:40:28,1393638028000,32.000000,6.000000,32.000000,0.000000,1,0,2,482.0
00,,BD5703,B6374,B6374,2,0,113.827927,22.721376,0.000000,14-3-1 9:40:38,1393638038000,15.000000,9.000000,15.000000,0.000000,1,0,2,435.0
00,,BD5703,B6374,B6374,2,0,113.827965,22.722107,0.000000,14-3-1 9:40:58,1393638058000,20.000000,359.000000,20.000000,0.000000,1,0,2,388.0
00,,BD5703,B6374,B6374,2,0,113.827965,22.722660,0.000000,14-3-1 9:41:8,1393638068000,13.000000,353.000000,13.000000,0.000000,1,0,2,358.0
00,,BD5703,B6374,B6374,2,0,113.827408,22.723246,0.000000,14-3-1 9:41:38,1393638098000,23.000000,312.000000,23.000000,0.000000,1,0,2,281.0
00,,BD5703,B6374,B6374,2,0,113.826462,22.723589,0.000000,14-3-1 9:41:48,1393638108000,33.000000,292.000000,33.000000,0.000000,1,0,2,177.0
01,,BD5703,B6374,B6374,2,0,113.825539,22.723871,0.000000,14-3-1 9:41:58,1393638118000,27.000000,290.000000,27.000000,0.000000,ESJ0132,14-3-1 9:41:58,1393638118000,ESJ0182,1,0,2,77.0
02,,BD5703,B6374,B6374,2,0,113.824829,22.724052,0.000000,14-3-1 9:42:8,1393638128000,33.000000,284.000000,33.000000,0.000000,ESJ0132,14-3-1 9:42:8,1393638128000,ESJ0182,1,2,2,5.0
00,,BD5703,B6374,B6374,2,0,113.823677,22.724340,0.000000,14-3-1 9:42:28,1393638148000,15.000000,248.000000,15.000000,0.000000,1,0,3,96.0
01,,BD5703,B6374,B6374,2,0,113.823570,22.724129,0.000000,14-3-1 9:42:33,1393638153000,21.000000,197.000000,21.000000,0.000000,ESJ0182,14-3-1 9:42:33,1393638153000,ESJ0183,1,0,3,72.0
00,,BD5703,B6374,B6374,2,0,113.823364,22.723303,0.000000,14-3-1 9:43:13,1393638193000,26.000000,197.000000,26.000000,0.000000,1,3,3,26.0
02,,BD5703,B6374,B6374,2,0,113.823174,22.722460,0.000000,14-3-1 9:43:23,1393638203000,36.000000,191.000000,36.000000,0.000000,ESJ0182,14-3-1 9:43:23,1393638203000,ESJ0183,1,0,3,120.0
00,,BD5703,B6374,B6374,2,0,113.822784,22.720642,0.000000,14-3-1 9:43:43,1393638223000,40.000000,194.000000,40.000000,0.000000,1,0,4,150.0
01,,BD5703,B6374,B6374,2,0,113.822578,22.719711,0.000000,14-3-1 9:43:53,1393638233000,30.000000,190.000000,30.000000,0.000000,ESJ0183,14-3-1 9:43:53,1393638233000,ESJ0184,1,4,4,45.0
02,,BD5703,B6374,B6374,2,0,113.822403,22.718851,0.000000,14-3-1 9:44:3,1393638243000,40.000000,192.000000,40.000000,0.000000,ESJ0183,14-3-1 9:44:3,1393638243000,ESJ0184,1,0,4,53.0
00,,BD5703,B6374,B6374,2,0,113.822136,22.717802,0.000000,14-3-1 9:44:33,1393638273000,29.000000,190.000000,29.000000,0.000000,1,0,5,128.0
01,,BD5703,B6374,B6374,2,0,113.821793,22.716932,0.000000,14-3-1 9:44:43,1393638283000,39.000000,199.000000,39.000000,0.000000,ESJ0184,14-3-1 9:44:43,1393638283000,ESJ0288,1,5,5,26.0
02,,BD5703,B6374,B6374,2,0,113.821449,22.715921,0.000000,14-3-1 9:44:53,1393638293000,43.000000,198.000000,43.000000,0.000000,ESJ0184,14-3-1 9:44:53,1393638293000,ESJ0288,1,0,5,93.0
00,,BD5703,B6374,B6374,2,0,113.820854,22.714231,0.000000,14-3-1 9:45:13,1393638313000,13.000000,199.000000,13.000000,0.000000,1,0,5,290.0
00,,BD5703,B6374,B6374,2,0,113.820740,22.713936,0.000000,14-3-1 9:46:23,1393638383000,16.000000,198.000000,16.000000,0.000000,1,0,5,325.0
00,,BD5703,B6374,B6374,2,0,113.820938,22.713596,0.000000,14-3-1 9:46:33,1393638393000,26.000000,98.000000,26.000000,0.000000,1,0,5,356.0
00,,BD5703,B6374,B6374,2,0,113.821854,22.713472,0.000000,14-3-1 9:46:43,1393638403000,36.000000,100.000000,36.000000,0.000000,1,0,6,316.0
00,,BD5703,B6374,B6374,2,0,113.822884,22.713303,0.000000,14-3-1 9:46:53,1393638413000,38.000000,96.000000,38.000000,0.000000,1,0,6,208.0
00,,BD5703,B6374,B6374,2,0,113.823853,22.713161,0.000000,14-3-1 9:47:3,1393638423000,30.000000,100.000000,30.000000,0.000000,1,0,6,108.0
01,,BD5703,B6374,B6374,2,0,113.824638,22.713053,0.000000,14-3-1 9:47:13,1393638433000,26.000000,99.000000,26.000000,0.000000,ESJ0288,14-3-1 9:47:13,1393638433000,ESJ0017,1,6,6,26.0
02,,BD5703,B6374,B6374,2,0,113.825188,22.712973,0.000000,14-3-1 9:47:23,1393638443000,13.000000,95.000000,13.000000,0.000000,ESJ0288,14-3-1 9:47:23,1393638443000,ESJ0017,1,0,6,32.0
00,,BD5703,B6374,B6374,2,0,113.826385,22.712835,0.000000,14-3-1 9:47:43,1393638463000,31.000000,96.000000,31.000000,0.000000,1,0,6,155.0
00,,BD5703,B6374,B6374,2,0,113.827278,22.712671,0.000000,14-3-1 9:47:53,1393638473000,35.000000,105.000000,35.000000,0.000000,1,0,6,249.0
00,,BD5703,B6374,B6374,2,0,113.828270,22.712532,0.000000,14-3-1 9:48:3,1393638483000,44.000000,95.000000,44.000000,0.000000,1,0,7,163.0
01,,BD5703,B6374,B6374,2,0,113.829376,22.712412,0.000000,14-3-1 9:48:13,1393638493000,40.000000,98.000000,40.000000,0.000000,ESJ0017,14-3-1 9:48:13,1393638493000,ESJ0552,1,0,7,54.0
02,,BD5703,B6374,B6374,2,0,113.830322,22.712221,0.000000,14-3-1 9:48:23,1393638503000,27.000000,122.000000,27.000000,0.000000,ESJ0017,14-3-1 9:48:23,1393638503000,ESJ0552,1,0,7,65.0
00,,BD5703,B6374,B6374,2,0,113.829941,22.712872,0.000000,14-3-1 9:49:3,1393638543000,24.000000,17.000000,24.000000,0.000000,1,7,7,31.0
00,,BD5703,B6374,B6374,2,0,113.830223,22.713562,0.000000,14-3-1 9:49:13,1393638553000,31.000000,19.000000,31.000000,0.000000,1,0,7,113.0
00,,BD5703,B6374,B6374,2,0,113.830536,22.714296,0.000000,14-3-1 9:49:23,1393638563000,28.000000,23.000000,28.000000,0.000000,1,0,1,101.0
01,,BD5703,B6374,B6374,2,0,113.830864,22.714972,0.000000,14-3-1 9:49:33,1393638573000,28.000000,24.000000,28.000000,0.000000,ESJ0552,14-3-1 9:49:33,1393638573000,ESJ0554,1,8,8,72.0
02,,BD5703,B6374,B6374,2,0,113.831543,22.716202,0.000000,14-3-1 9:49:53,1393638593000,26.000000,27.000000,26.000000,0.000000,ESJ0552,14-3-1 9:49:53,1393638593000,ESJ0554,1,0,8,82.0
00,,BD5703,B6374,B6374,2,0,113.832336,22.717661,0.000000,14-3-1 9:50:13,1393638613000,40.000000,27.000000,40.000000,0.000000,1,0,8,263.0
00,,BD5703,B6374,B6374,2,0,113.832901,22.718687,0.000000,14-3-1 9:50:23,1393638623000,47.000000,28.000000,47.000000,0.000000,1,0,9,163.0
01,,BD5703,B6374,B6374,2,0,113.833389,22.719624,0.000000,14-3-1 9:50:33,1393638633000,31.000000,24.000000,31.000000,0.000000,ESJ0554,14-3-1 9:50:33,1393638633000,ESJ0032,1,0,9,47.0
00,,BD5703,B6374,B6374,2,0,113.833595,22.719933,0.000000,14-3-1 9:51:8,1393638668000,11.000000,54.000000,11.000000,0.000000,1,9,9,7.0
02,,BD5703,B6374,B6374,2,0,113.833839,22.720486,0.000000,14-3-1 9:51:18,1393638678000,21.000000,31.000000,21.000000,0.000000,ESJ0554,14-3-1 9:51:18,1393638678000,ESJ0032,1,0,9,60.0
01,,BD5703,B6374,B6374,2,0,113.835312,22.723448,0.000000,14-3-1 9:51:58,1393638718000,18.000000,120.000000,18.000000,0.000000,ESJ0032,14-3-1 9:51:58,1393638718000,ESJ0034,1,10,10,44.0
00,,BD5703,B6374,B6374,2,0,113.835922,22.722816,0.000000,14-3-1 9:52:18,1393638738000,21.000000,136.000000,21.000000,0.000000,1,0,10,53.0
02,,BD5703,B6374,B6374,2,0,113.836365,22.722401,0.000000,14-3-1 9:52:28,1393638748000,25.000000,140.000000,25.000000,0.000000,ESJ0032,14-3-1 9:52:28,1393638748000,ESJ0034,1,0,10,118.0
01,,BD5703,B6374,B6374,2,0,113.836861,22.721855,0.000000,14-3-1 9:52:38,1393638758000,29.000000,137.000000,29.000000,0.000000,ESJ0034,14-3-1 9:52:38,1393638758000,ESJ0035,1,0,11,92.0
02,,BD5703,B6374,B6374,2,0,113.837852,22.720793,0.000000,14-3-1 9:53:18,1393638798000,24.000000,144.000000,24.000000,0.000000,ESJ0034,14-3-1 9:53:18,1393638798000,ESJ0035,1,11,11,64.0
00,,BD5703,B6374,B6374,2,0,113.838371,22.720362,0.000000,14-3-1 9:53:28,1393638808000,25.000000,127.000000,25.000000,0.000000,1,0,12,133.0
00,,BD5703,B6374,B6374,2,0,113.838936,22.720186,0.000000,14-3-1 9:53:38,1393638818000,17.000000,112.000000,17.000000,0.000000,1,0,12,73.0
00,,BD5703,B6374,B6374,2,0,113.839302,22.720148,0.000000,14-3-1 9:53:48,1393638828000,18.000000,96.000000,18.000000,0.000000,1,0,12,35.0
00,,BD5703,B6374,B6374,2,0,113.839844,22.720072,0.000000,14-3-1 9:53:58,1393638838000,22.000000,92.000000,22.000000,0.000000,1,12,12,22.0
01,,BD5703,B6374,B6374,2,0,113.840492,22.720007,0.000000,14-3-1 9:54:8,1393638848000,24.000000,94.000000,24.000000,0.000000,ESJ0035,14-3-1 9:54:8,1393638848000,ESJ0769,1,0,12,88.0
02,,BD5703,B6374,B6374,2,0,113.841187,22.719893,0.000000,14-3-1 9:54:18,1393638858000,24.000000,91.000000,24.000000,0.000000,ESJ0035,14-3-1 9:54:18,1393638858000,ESJ0769,1,0,13,82.0
01,,BD5703,B6374,B6374,2,0,113.842445,22.719816,0.000000,14-3-1 9:54:38,1393638878000,22.000000,90.000000,22.000000,0.000000,ESJ0769,14-3-1 9:54:38,1393638878000,ESJ0038,1,13,13,47.0
02,,BD5703,B6374,B6374,2,0,113.843925,22.719461,0.000000,14-3-1 9:55:28,1393638928000,20.000000,118.000000,20.000000,0.000000,ESJ0769,14-3-1 9:55:28,1393638928000,ESJ0038,1,0,14,66.0
00,,BD5703,B6374,B6374,2,0,113.844887,22.718752,0.000000,14-3-1 9:55:48,1393638948000,29.000000,117.000000,29.000000,0.000000,1,14,14,61.0
00,,BD5703,B6374,B6374,2,0,113.845474,22.718311,0.000000,14-3-1 9:55:58,1393638958000,28.000000,127.000000,28.000000,0.000000,1,0,14,138.0
00,,BD5703,B6374,B6374,2,0,113.846146,22.717892,0.000000,14-3-1 9:56:8,1393638968000,26.000000,123.000000,26.000000,0.000000,1,0,14,221.0
00,,BD5703,B6374,B6374,2,0,113.846741,22.717472,0.000000,14-3-1 9:56:18,1393638978000,32.000000,122.000000,32.000000,0.000000,1,0,14,298.0
00,,BD5703,B6374,B6374,2,0,113.847458,22.717136,0.000000,14-3-1 9:56:28,1393638988000,24.000000,115.000000,24.000000,0.000000,1,0,15,249.0
00,,BD5703,B6374,B6374,2,0,113.848099,22.716923,0.000000,14-3-1 9:56:38,1393638998000,30.000000,110.000000,30.000000,0.000000,1,0,15,179.0
00,,BD5703,B6374,B6374,2,0,113.848976,22.716553,0.000000,14-3-1 9:56:48,1393639008000,39.000000,114.000000,39.000000,0.000000,1,0,15,80.0
01,,BD5703,B6374,B6374,2,0,113.849907,22.716156,0.000000,14-3-1 9:56:58,1393639018000,32.000000,115.000000,32.000000,0.000000,ESJ0038,14-3-1 9:56:58,1393639018000,ESJ0544,1,15,15,26.0
