01,,BD5736,B6374,B6374,2,0,113.825096,22.723936,0.000000,14-3-1 11:56:41,1393646201000,35.000000,289.000000,35.000000,0.000000,ESJ0132,14-3-1 11:56:41,1393646201000,ESJ0182,1,2,2,31.0
02,,BD5736,B6374,B6374,2,0,113.824104,22.724253,0.000000,14-3-1 11:56:51,1393646211000,34.000000,290.000000,34.000000,0.000000,ESJ0132,14-3-1 11:56:51,1393646211000,ESJ0182,1,0,2,77.0
01,,BD5736,B6374,B6374,2,0,113.823517,22.724226,0.000000,14-3-1 11:57:1,1393646221000,19.000000,211.000000,19.000000,0.000000,ESJ0182,14-3-1 11:57:1,1393646221000,ESJ0183,1,0,3,82.0
02,,BD5736,B6374,B6374,2,0,113.823212,22.723045,0.000000,14-3-1 11:57:41,1393646261000,20.000000,200.000000,20.000000,0.000000,ESJ0182,14-3-1 11:57:41,1393646261000,ESJ0183,1,3,3,59.0
00,,BD5736,B6374,B6374,2,0,113.822723,22.720827,0.000000,14-3-1 11:58:11,1393646291000,30.000000,191.000000,30.000000,0.000000,1,0,4,170.0
01,,BD5736,B6374,B6374,2,0,113.822578,22.719976,0.000000,14-3-1 11:58:21,1393646301000,28.000000,193.000000,28.000000,0.000000,ESJ0183,14-3-1 11:58:21,1393646301000,ESJ0184,1,0,4,74.0
00,,BD5736,B6374,B6374,2,0,113.822464,22.718971,0.000000,14-3-1 11:58:51,1393646331000,17.000000,190.000000,17.000000,0.000000,1,4,4,39.0
02,,BD5736,B6374,B6374,2,0,113.822342,22.718533,0.000000,14-3-1 11:59:1,1393646341000,15.000000,192.000000,15.000000,0.000000,ESJ0183,14-3-1 11:59:1,1393646341000,ESJ0184,1,0,4,89.0
00,,BD5736,B6374,B6374,2,0,113.822006,22.717661,0.000000,14-3-1 11:59:21,1393646361000,25.000000,204.000000,25.000000,0.000000,1,0,5,110.0
01,,BD5736,B6374,B6374,2,0,113.821678,22.716875,0.000000,14-3-1 11:59:31,1393646371000,30.000000,202.000000,30.000000,0.000000,ESJ0184,14-3-1 11:59:31,1393646371000,ESJ0288,1,5,5,21.0
02,,BD5736,B6374,B6374,2,0,113.821426,22.716043,0.000000,14-3-1 11:59:41,1393646381000,36.000000,191.000000,36.000000,0.000000,ESJ0184,14-3-1 11:59:41,1393646381000,ESJ0288,1,0,5,81.0
00,,BD5736,B6374,B6374,2,0,113.820801,22.714121,0.000000,14-3-1 12:0:1,1393646401000,23.000000,199.000000,23.000000,0.000000,1,0,5,304.0
00,,BD5736,B6374,B6374,2,0,113.820686,22.713743,0.000000,14-3-1 12:2:1,1393646521000,15.000000,193.000000,15.000000,0.000000,1,0,5,347.0
00,,BD5736,B6374,B6374,2,0,113.820915,22.713644,0.000000,14-3-1 12:2:6,1393646526000,24.000000,100.000000,24.000000,0.000000,1,0,5,351.0
00,,BD5736,B6374,B6374,2,0,113.821732,22.713572,0.000000,14-3-1 12:2:16,1393646536000,33.000000,95.000000,33.000000,0.000000,1,0,6,330.0
00,,BD5736,B6374,B6374,2,0,113.822639,22.713505,0.000000,14-3-1 12:2:26,1393646546000,36.000000,96.000000,36.000000,0.000000,1,0,6,238.0
00,,BD5736,B6374,B6374,2,0,113.823631,22.713343,0.000000,14-3-1 12:2:36,1393646556000,29.000000,97.000000,29.000000,0.000000,1,0,6,135.0
01,,BD5736,B6374,B6374,2,0,113.824478,22.713264,0.000000,14-3-1 12:2:46,1393646566000,30.000000,100.000000,30.000000,0.000000,ESJ0288,14-3-1 12:2:46,1393646566000,ESJ0017,1,6,6,53.0
02,,BD5736,B6374,B6374,2,0,113.825577,22.713121,0.000000,14-3-1 12:3:6,1393646586000,23.000000,94.000000,23.000000,0.000000,ESJ0288,14-3-1 12:3:6,1393646586000,ESJ0017,1,0,6,74.0
00,,BD5736,B6374,B6374,2,0,113.826347,22.713013,0.000000,14-3-1 12:3:16,1393646596000,33.000000,97.000000,33.000000,0.000000,1,0,6,151.0
00,,BD5736,B6374,B6374,2,0,113.827263,22.712831,0.000000,14-3-1 12:3:26,1393646606000,35.000000,105.000000,35.000000,0.000000,1,0,6,245.0
00,,BD5736,B6374,B6374,2,0,113.828186,22.712662,0.000000,14-3-1 12:3:36,1393646616000,36.000000,97.000000,36.000000,0.000000,1,0,7,171.0
01,,BD5736,B6374,B6374,2,0,113.829147,22.712496,0.000000,14-3-1 12:3:46,1393646626000,36.000000,98.000000,36.000000,0.000000,ESJ0017,14-3-1 12:3:46,1393646626000,ESJ0552,1,0,7,74.0
02,,BD5736,B6374,B6374,2,0,113.830162,22.712303,0.000000,14-3-1 12:3:56,1393646636000,33.000000,119.000000,33.000000,0.000000,ESJ0017,14-3-1 12:3:56,1393646636000,ESJ0552,1,0,7,47.0
00,,BD5736,B6374,B6374,2,0,113.829811,22.711632,0.000000,14-3-1 12:4:11,1393646651000,29.000000,303.000000,29.000000,0.000000,1,0,7,109.0
00,,BD5736,B6374,B6374,2,0,113.829620,22.711882,0.000000,14-3-1 12:4:16,1393646656000,14.000000,349.000000,14.000000,0.000000,1,0,7,85.0
00,,BD5736,B6374,B6374,2,0,113.829735,22.712397,0.000000,14-3-1 12:4:26,1393646666000,24.000000,14.000000,24.000000,0.000000,1,7,7,27.0
00,,BD5736,B6374,B6374,2,0,113.829910,22.712849,0.000000,14-3-1 12:4:46,1393646686000,13.000000,21.000000,13.000000,0.000000,1,0,7,27.0
00,,BD5736,B6374,B6374,2,0,113.830101,22.713392,0.000000,14-3-1 12:4:56,1393646696000,23.000000,18.000000,23.000000,0.000000,1,0,7,91.0
00,,BD5736,B6374,B6374,2,0,113.831848,22.716911,0.000000,14-3-1 12:5:48,1393646748000,32.000000,23.000000,32.000000,0.000000,1,0,8,167.0
00,,BD5736,B6374,B6374,2,0,113.832253,22.717688,0.000000,14-3-1 12:5:58,1393646758000,37.000000,28.000000,37.000000,0.000000,1,0,8,262.0
00,,BD5736,B6374,B6374,2,0,113.832802,22.718613,0.000000,14-3-1 12:6:8,1393646768000,42.000000,28.000000,42.000000,0.000000,1,0,9,175.0
01,,BD5736,B6374,B6374,2,0,113.833313,22.719540,0.000000,14-3-1 12:6:18,1393646778000,39.000000,26.000000,39.000000,0.000000,ESJ0554,14-3-1 12:6:18,1393646778000,ESJ0032,1,9,9,59.0
