00,,BD5736,B6374,B6374,2,0,113.844536,22.718992,0.000000,14-3-1 6:59:6,1393628346000,30.000000,129.000000,30.000000,0.000000,1,14,14,16.0
00,,BD5736,B6374,B6374,2,0,113.845314,22.718445,0.000000,14-3-1 6:59:16,1393628356000,34.000000,124.000000,34.000000,0.000000,1,0,14,116.0
00,,BD5736,B6374,B6374,2,0,113.846130,22.717892,0.000000,14-3-1 6:59:26,1393628366000,34.000000,122.000000,34.000000,0.000000,1,0,14,220.0
00,,BD5736,B6374,B6374,2,0,113.846886,22.717365,0.000000,14-3-1 6:59:36,1393628376000,33.000000,124.000000,33.000000,0.000000,1,0,15,313.0
00,,BD5736,B6374,B6374,2,0,113.847733,22.717052,0.000000,14-3-1 6:59:46,1393628386000,35.000000,109.000000,35.000000,0.000000,1,0,15,220.0
00,,BD5736,B6374,B6374,2,0,113.848610,22.716702,0.000000,14-3-1 6:59:56,1393628396000,37.000000,114.000000,37.000000,0.000000,1,0,15,121.0
01,,BD5736,B6374,B6374,2,0,113.849701,22.716261,0.000000,14-3-1 7:0:6,1393628406000,46.000000,112.000000,46.000000,0.000000,ESJ0038,14-3-1 7:0:6,1393628406000,ESJ0544,1,15,15,6.0
02,,BD5736,B6374,B6374,2,0,113.850533,22.715876,0.000000,14-3-1 7:0:16,1393628416000,18.000000,155.000000,18.000000,0.000000,ESJ0038,14-3-1 7:0:16,1393628416000,ESJ0544,1,0,15,97.0
01,,BD5736,B6374,B6374,2,0,113.850258,22.714832,0.000000,14-3-1 7:0:31,1393628431000,35.000000,196.000000,35.000000,0.000000,ESJ0544,14-3-1 7:0:31,1393628431000,ESJ0722,1,0,15,174.0
02,,BD5736,B6374,B6374,2,0,113.850327,22.713968,0.000000,14-3-1 7:0:46,1393628446000,24.000000,131.000000,24.000000,0.000000,ESJ0544,14-3-1 7:0:46,1393628446000,ESJ0722,1,0,15,268.0
00,,BD5736,B6374,B6374,2,0,113.851646,22.712852,0.000000,14-3-1 7:1:6,1393628466000,31.000000,137.000000,31.000000,0.000000,1,0,15,433.0
00,,BD5736,B6374,B6374,2,0,113.851746,22.712528,0.000000,14-3-1 7:1:11,1393628471000,26.000000,191.000000,26.000000,0.000000,1,0,15,470.0
00,,BD5736,B6374,B6374,2,0,113.851372,22.711773,0.000000,14-3-1 7:1:21,1393628481000,35.000000,203.000000,35.000000,0.000000,1,0,15,533.0
00,,BD5736,B6374,B6374,2,0,113.851097,22.710859,0.000000,14-3-1 7:1:31,1393628491000,36.000000,192.000000,36.000000,0.000000,1,0,16,590.0
00,,BD5736,B6374,B6374,2,0,113.851151,22.710272,0.000000,14-3-1 7:1:41,1393628501000,24.000000,95.000000,24.000000,0.000000,1,0,16,525.0
00,,BD5736,B6374,B6374,2,0,113.852036,22.710133,0.000000,14-3-1 7:1:51,1393628511000,34.000000,104.000000,34.000000,0.000000,1,0,16,503.0
01,,BD5736,B6374,B6374,2,0,113.853096,22.709826,0.000000,14-3-1 7:2:1,1393628521000,35.000000,131.000000,35.000000,0.000000,ESJ0722,14-3-1 7:2:1,1393628521000,1,0,16,483.0
00,,BD5736,B6374,B6374,2,0,113.853134,22.708376,0.000000,14-3-1 7:2:16,1393628536000,39.000000,211.000000,39.000000,0.000000,1,0,16,330.0
00,,BD5736,B6374,B6374,2,0,113.852455,22.707544,0.000000,14-3-1 7:2:26,1393628546000,41.000000,215.000000,41.000000,0.000000,1,0,16,220.0
00,,BD5736,B6374,B6374,2,0,113.851974,22.706562,0.000000,14-3-1 7:2:36,1393628556000,40.000000,204.000000,40.000000,0.000000,1,0,16,105.0
00,,BD5736,B6374,B6374,2,0,113.851982,22.706085,0.000000,14-3-1 7:2:41,1393628561000,34.000000,158.000000,34.000000,0.000000,1,16,16,52.0
