00,,BD5703,B6374,B6374,2,0,113.844368,22.719393,0.000000,14-3-1 6:53:18,1393627998000,20.000000,202.000000,20.000000,0.000000,1,14,14,33.0
00,,BD5703,B6374,B6374,2,0,113.844955,22.718777,0.000000,14-3-1 6:53:33,1393628013000,30.000000,129.000000,30.000000,0.000000,1,0,14,65.0
00,,BD5703,B6374,B6374,2,0,113.845749,22.718231,0.000000,14-3-1 6:53:43,1393628023000,36.000000,126.000000,36.000000,0.000000,1,0,14,166.0
00,,BD5703,B6374,B6374,2,0,113.846535,22.717720,0.000000,14-3-1 6:53:53,1393628033000,38.000000,120.000000,38.000000,0.000000,1,0,14,265.0
00,,BD5703,B6374,B6374,2,0,113.847298,22.717199,0.000000,14-3-1 6:54:3,1393628043000,35.000000,124.000000,35.000000,0.000000,1,0,15,267.0
00,,BD5703,B6374,B6374,2,0,113.848015,22.716892,0.000000,14-3-1 6:54:13,1393628053000,35.000000,114.000000,35.000000,0.000000,1,0,15,186.0
00,,BD5703,B6374,B6374,2,0,113.848824,22.716549,0.000000,14-3-1 6:54:23,1393628063000,42.000000,114.000000,42.000000,0.000000,1,0,15,95.0
01,,BD5703,B6374,B6374,2,0,113.849922,22.716131,0.000000,14-3-1 6:54:33,1393628073000,44.000000,112.000000,44.000000,0.000000,ESJ0038,14-3-1 6:54:33,1393628073000,ESJ0544,1,15,15,29.0
02,,BD5703,B6374,B6374,2,0,113.850586,22.715740,0.000000,14-3-1 6:54:43,1393628083000,24.000000,168.000000,24.000000,0.000000,ESJ0038,14-3-1 6:54:43,1393628083000,ESJ0544,1,0,15,110.0
01,,BD5703,B6374,B6374,2,0,113.850159,22.714556,0.000000,14-3-1 6:55:3,1393628103000,21.000000,204.000000,21.000000,0.000000,ESJ0544,14-3-1 6:55:3,1393628103000,ESJ0722,1,0,15,201.0
02,,BD5703,B6374,B6374,2,0,113.850533,22.713699,0.000000,14-3-1 6:55:23,1393628123000,20.000000,136.000000,20.000000,0.000000,ESJ0544,14-3-1 6:55:23,1393628123000,ESJ0722,1,0,15,303.0
00,,BD5703,B6374,B6374,2,0,113.851234,22.712969,0.000000,14-3-1 6:55:43,1393628143000,18.000000,136.000000,18.000000,0.000000,1,0,15,404.0
00,,BD5703,B6374,B6374,2,0,113.851570,22.712587,0.000000,14-3-1 6:55:53,1393628153000,19.000000,177.000000,19.000000,0.000000,1,0,15,456.0
00,,BD5703,B6374,B6374,2,0,113.851486,22.712072,0.000000,14-3-1 6:56:3,1393628163000,20.000000,196.000000,20.000000,0.000000,1,0,15,506.0
00,,BD5703,B6374,B6374,2,0,113.851196,22.711456,0.000000,14-3-1 6:56:13,1393628173000,28.000000,196.000000,28.000000,0.000000,1,0,15,562.0
00,,BD5703,B6374,B6374,2,0,113.850990,22.710703,0.000000,14-3-1 6:56:23,1393628183000,24.000000,197.000000,24.000000,0.000000,1,0,16,575.0
00,,BD5703,B6374,B6374,2,0,113.851021,22.710388,0.000000,14-3-1 6:56:28,1393628188000,20.000000,129.000000,20.000000,0.000000,1,0,16,540.0
00,,BD5703,B6374,B6374,2,0,113.851776,22.710222,0.000000,14-3-1 6:56:38,1393628198000,27.000000,101.000000,27.000000,0.000000,1,0,16,513.0
01,,BD5703,B6374,B6374,2,0,113.852531,22.710062,0.000000,14-3-1 6:56:48,1393628208000,30.000000,106.000000,30.000000,0.000000,ESJ0722,14-3-1 6:56:48,1393628208000,1,0,16,498.0
00,,BD5703,B6374,B6374,2,0,113.853287,22.708706,0.000000,14-3-1 6:57:8,1393628228000,30.000000,189.000000,30.000000,0.000000,1,0,16,370.0
00,,BD5703,B6374,B6374,2,0,113.852814,22.707979,0.000000,14-3-1 6:57:18,1393628238000,32.000000,215.000000,32.000000,0.000000,1,0,16,277.0
00,,BD5703,B6374,B6374,2,0,113.852394,22.707336,0.000000,14-3-1 6:57:28,1393628248000,27.000000,209.000000,27.000000,0.000000,1,0,16,196.0
00,,BD5703,B6374,B6374,2,0,113.852058,22.706516,0.000000,14-3-1 6:57:38,1393628258000,28.000000,180.000000,28.000000,0.000000,1,16,16,101.0
