00,,BD5736,B6374,B6374,2,0,113.828674,22.715599,0.000000,14-3-1 15:21:11,1393658471000,12.000000,11.000000,12.000000,0.000000,1,1,1,142.0
00,,BD5736,B6374,B6374,2,0,113.828789,22.715965,0.000000,14-3-1 15:21:21,1393658481000,12.000000,14.000000,12.000000,0.000000,1,0,1,167.0
00,,BD5736,B6374,B6374,2,0,113.828789,22.715965,0.000000,14-3-1 15:21:21,1393658481000,12.000000,14.000000,12.000000,0.000000,1,0,1,167.0
00,,BD5736,B6374,B6374,2,0,113.829048,22.716887,0.000000,14-3-1 15:23:1,1393658581000,13.000000,9.000000,13.000000,0.000000,1,0,1,252.0
00,,BD5736,B6374,B6374,2,0,113.828453,22.717062,0.000000,14-3-1 15:23:16,1393658596000,18.000000,277.000000,18.000000,0.000000,1,0,1,291.0
00,,BD5736,B6374,B6374,2,0,113.827850,22.717167,0.000000,14-3-1 15:23:36,1393658616000,16.000000,276.000000,16.000000,0.000000,1,0,1,332.0
00,,BD5736,B6374,B6374,2,0,113.827362,22.717228,0.000000,14-3-1 15:23:46,1393658626000,12.000000,287.000000,12.000000,0.000000,1,0,1,367.0
00,,BD5736,B6374,B6374,2,0,113.827553,22.719280,0.000000,14-3-1 15:24:11,1393658651000,22.000000,6.000000,22.000000,0.000000,1,0,4,513.0
00,,BD5736,B6374,B6374,2,0,113.827698,22.720245,0.000000,14-3-1 15:24:21,1393658661000,32.000000,7.000000,32.000000,0.000000,1,0,2,514.0
00,,BD5736,B6374,B6374,2,0,113.827812,22.721111,0.000000,14-3-1 15:24:31,1393658671000,31.000000,6.000000,31.000000,0.000000,1,0,2,447.0
00,,BD5736,B6374,B6374,2,0,113.827927,22.721882,0.000000,14-3-1 15:24:41,1393658681000,26.000000,8.000000,26.000000,0.000000,1,0,2,399.0
00,,BD5736,B6374,B6374,2,0,113.827988,22.722496,0.000000,14-3-1 15:24:51,1393658691000,17.000000,359.000000,17.000000,0.000000,1,0,2,368.0
00,,BD5736,B6374,B6374,2,0,113.827942,22.723013,0.000000,14-3-1 15:25:21,1393658721000,11.000000,350.000000,11.000000,0.000000,1,0,2,341.0
00,,BD5736,B6374,B6374,2,0,113.827423,22.723215,0.000000,14-3-1 15:25:31,1393658731000,21.000000,309.000000,21.000000,0.000000,1,0,2,283.0
00,,BD5736,B6374,B6374,2,0,113.826302,22.723589,0.000000,14-3-1 15:25:41,1393658741000,31.000000,289.000000,31.000000,0.000000,1,0,2,161.0
01,,BD5736,B6374,B6374,2,0,113.825050,22.723982,0.000000,14-3-1 15:25:51,1393658751000,41.000000,288.000000,41.000000,0.000000,ESJ0132,14-3-1 15:25:51,1393658751000,ESJ0182,1,2,2,25.0
02,,BD5736,B6374,B6374,2,0,113.824089,22.724266,0.000000,14-3-1 15:26:11,1393658771000,17.000000,276.000000,17.000000,0.000000,ESJ0132,14-3-1 15:26:11,1393658771000,ESJ0182,1,0,2,79.0
01,,BD5736,B6374,B6374,2,0,113.821815,22.717035,0.000000,14-3-1 15:30:46,1393659046000,35.000000,202.000000,35.000000,0.000000,ESJ0184,14-3-1 15:30:46,1393659046000,ESJ0288,1,5,5,38.0
02,,BD5736,B6374,B6374,2,0,113.821327,22.715576,0.000000,14-3-1 15:31:6,1393659066000,37.000000,198.000000,37.000000,0.000000,ESJ0184,14-3-1 15:31:6,1393659066000,ESJ0288,1,0,5,133.0
00,,BD5736,B6374,B6374,2,0,113.820755,22.713984,0.000000,14-3-1 15:32:16,1393659136000,11.000000,192.000000,11.000000,0.000000,1,0,5,320.0
00,,BD5736,B6374,B6374,2,0,113.820877,22.713655,0.000000,14-3-1 15:32:26,1393659146000,21.000000,102.000000,21.000000,0.000000,1,0,5,351.0
00,,BD5736,B6374,B6374,2,0,113.821617,22.713587,0.000000,14-3-1 15:32:36,1393659156000,31.000000,95.000000,31.000000,0.000000,1,0,6,342.0
00,,BD5736,B6374,B6374,2,0,113.822739,22.713476,0.000000,14-3-1 15:32:46,1393659166000,41.000000,96.000000,41.000000,0.000000,1,0,6,227.0
00,,BD5736,B6374,B6374,2,0,113.823753,22.713308,0.000000,14-3-1 15:32:56,1393659176000,27.000000,97.000000,27.000000,0.000000,1,0,6,122.0
01,,BD5736,B6374,B6374,2,0,113.824402,22.713200,0.000000,14-3-1 15:33:6,1393659186000,18.000000,98.000000,18.000000,0.000000,ESJ0288,14-3-1 15:33:6,1393659186000,ESJ0017,1,0,6,55.0
02,,BD5736,B6374,B6374,2,0,113.825378,22.713081,0.000000,14-3-1 15:33:26,1393659206000,21.000000,93.000000,21.000000,0.000000,ESJ0288,14-3-1 15:33:26,1393659206000,ESJ0017,1,6,6,53.0
00,,BD5736,B6374,B6374,2,0,113.827118,22.712843,0.000000,14-3-1 15:33:55,1393659235000,28.000000,104.000000,28.000000,0.000000,1,0,6,230.0
00,,BD5736,B6374,B6374,2,0,113.827995,22.712700,0.000000,14-3-1 15:34:5,1393659245000,36.000000,97.000000,36.000000,0.000000,1,0,7,191.0
01,,BD5736,B6374,B6374,2,0,113.828964,22.712557,0.000000,14-3-1 15:34:15,1393659255000,37.000000,98.000000,37.000000,0.000000,ESJ0017,14-3-1 15:34:15,1393659255000,ESJ0552,1,0,7,91.0
00,,BD5736,B6374,B6374,2,0,113.829887,22.712416,0.000000,14-3-1 15:34:25,1393659265000,21.000000,103.000000,21.000000,0.000000,1,0,7,22.0
02,,BD5736,B6374,B6374,2,0,113.830299,22.712219,0.000000,14-3-1 15:34:35,1393659275000,16.000000,140.000000,16.000000,0.000000,ESJ0017,14-3-1 15:34:35,1393659275000,ESJ0552,1,0,7,63.0
00,,BD5736,B6374,B6374,2,0,113.829735,22.712492,0.000000,14-3-1 15:35:26,1393659326000,21.000000,15.000000,21.000000,0.000000,1,7,7,18.0
00,,BD5736,B6374,B6374,2,0,113.829987,22.713028,0.000000,14-3-1 15:35:56,1393659356000,24.000000,23.000000,24.000000,0.000000,1,0,7,49.0
00,,BD5736,B6374,B6374,2,0,113.830269,22.713802,0.000000,14-3-1 15:36:6,1393659366000,34.000000,21.000000,34.000000,0.000000,1,0,1,118.0
00,,BD5736,B6374,B6374,2,0,113.830650,22.714661,0.000000,14-3-1 15:36:16,1393659376000,36.000000,22.000000,36.000000,0.000000,1,0,1,103.0
01,,BD5736,B6374,B6374,2,0,113.831009,22.715321,0.000000,14-3-1 15:36:26,1393659386000,24.000000,28.000000,24.000000,0.000000,ESJ0552,14-3-1 15:36:26,1393659386000,ESJ0554,1,8,8,31.0
02,,BD5736,B6374,B6374,2,0,113.831314,22.715902,0.000000,14-3-1 15:36:36,1393659396000,32.000000,26.000000,32.000000,0.000000,ESJ0552,14-3-1 15:36:36,1393659396000,ESJ0554,1,0,8,42.0
00,,BD5736,B6374,B6374,2,0,113.832222,22.717615,0.000000,14-3-1 15:36:56,1393659416000,46.000000,28.000000,46.000000,0.000000,1,0,8,254.0
00,,BD5736,B6374,B6374,2,0,113.832901,22.718805,0.000000,14-3-1 15:37:6,1393659426000,56.000000,28.000000,56.000000,0.000000,1,0,9,151.0
01,,BD5736,B6374,B6374,2,0,113.833496,22.719893,0.000000,14-3-1 15:37:16,1393659436000,33.000000,26.000000,33.000000,0.000000,ESJ0554,14-3-1 15:37:16,1393659436000,ESJ0032,1,9,9,17.0
02,,BD5736,B6374,B6374,2,0,113.833939,22.720661,0.000000,14-3-1 15:37:46,1393659466000,27.000000,24.000000,27.000000,0.000000,ESJ0554,14-3-1 15:37:46,1393659466000,ESJ0032,1,0,9,82.0
01,,BD5736,B6374,B6374,2,0,113.835022,22.723320,0.000000,14-3-1 15:38:16,1393659496000,29.000000,21.000000,29.000000,0.000000,ESJ0032,14-3-1 15:38:16,1393659496000,ESJ0034,1,10,10,55.0
02,,BD5736,B6374,B6374,2,0,113.836296,22.722366,0.000000,14-3-1 15:38:56,1393659536000,30.000000,140.000000,30.000000,0.000000,ESJ0032,14-3-1 15:38:56,1393659536000,ESJ0034,1,0,10,115.0
01,,BD5736,B6374,B6374,2,0,113.836800,22.721846,0.000000,14-3-1 15:39:6,1393659546000,25.000000,137.000000,25.000000,0.000000,ESJ0034,14-3-1 15:39:6,1393659546000,ESJ0035,1,0,11,96.0
02,,BD5736,B6374,B6374,2,0,113.837914,22.720682,0.000000,14-3-1 15:39:56,1393659596000,23.000000,137.000000,23.000000,0.000000,ESJ0034,14-3-1 15:39:56,1393659596000,ESJ0035,1,11,11,77.0
00,,BD5736,B6374,B6374,2,0,113.838463,22.720341,0.000000,14-3-1 15:40:6,1393659606000,26.000000,106.000000,26.000000,0.000000,1,0,12,123.0
00,,BD5736,B6374,B6374,2,0,113.839172,22.720201,0.000000,14-3-1 15:40:16,1393659616000,27.000000,101.000000,27.000000,0.000000,1,12,12,49.0
01,,BD5736,B6374,B6374,2,0,113.840263,22.720064,0.000000,14-3-1 15:40:46,1393659646000,12.000000,100.000000,12.000000,0.000000,ESJ0035,14-3-1 15:40:46,1393659646000,ESJ0769,1,0,12,64.0
02,,BD5736,B6374,B6374,2,0,113.841385,22.719955,0.000000,14-3-1 15:41:16,1393659676000,17.000000,97.000000,17.000000,0.000000,ESJ0035,14-3-1 15:41:16,1393659676000,ESJ0769,1,0,13,63.0
01,,BD5736,B6374,B6374,2,0,113.842461,22.719864,0.000000,14-3-1 15:41:36,1393659696000,16.000000,96.000000,16.000000,0.000000,ESJ0769,14-3-1 15:41:36,1393659696000,ESJ0038,1,13,13,49.0
00,,BD5736,B6374,B6374,2,0,113.843376,22.719702,0.000000,14-3-1 15:41:56,1393659716000,24.000000,102.000000,24.000000,0.000000,1,0,14,128.0
02,,BD5736,B6374,B6374,2,0,113.844009,22.719423,0.000000,14-3-1 15:42:6,1393659726000,24.000000,127.000000,24.000000,0.000000,ESJ0769,14-3-1 15:42:6,1393659726000,ESJ0038,1,14,14,56.0
00,,BD5736,B6374,B6374,2,0,113.845200,22.718527,0.000000,14-3-1 15:42:26,1393659746000,21.000000,129.000000,21.000000,0.000000,1,0,14,101.0
00,,BD5736,B6374,B6374,2,0,113.845589,22.718256,0.000000,14-3-1 15:42:36,1393659756000,15.000000,123.000000,15.000000,0.000000,1,0,14,151.0
00,,BD5736,B6374,B6374,2,0,113.845863,22.718086,0.000000,14-3-1 15:42:46,1393659766000,13.000000,125.000000,13.000000,0.000000,1,0,14,185.0
00,,BD5736,B6374,B6374,2,0,113.846176,22.717882,0.000000,14-3-1 15:42:56,1393659776000,13.000000,125.000000,13.000000,0.000000,1,0,14,225.0
00,,BD5736,B6374,B6374,2,0,113.846481,22.717665,0.000000,14-3-1 15:43:6,1393659786000,12.000000,124.000000,12.000000,0.000000,1,0,14,264.0
00,,BD5736,B6374,B6374,2,0,113.846848,22.717405,0.000000,14-3-1 15:43:16,1393659796000,20.000000,126.000000,20.000000,0.000000,1,0,14,312.0
00,,BD5736,B6374,B6374,2,0,113.847282,22.717228,0.000000,14-3-1 15:43:26,1393659806000,18.000000,110.000000,18.000000,0.000000,1,0,15,270.0
00,,BD5736,B6374,B6374,2,0,113.847610,22.717146,0.000000,14-3-1 15:43:36,1393659816000,13.000000,109.000000,13.000000,0.000000,1,0,15,235.0
00,,BD5736,B6374,B6374,2,0,113.848000,22.717009,0.000000,14-3-1 15:43:46,1393659826000,20.000000,111.000000,20.000000,0.000000,1,0,15,192.0
00,,BD5736,B6374,B6374,2,0,113.848724,22.716696,0.000000,14-3-1 15:43:56,1393659836000,30.000000,112.000000,30.000000,0.000000,1,0,15,110.0
01,,BD5736,B6374,B6374,2,0,113.849670,22.716316,0.000000,14-3-1 15:44:6,1393659846000,37.000000,113.000000,37.000000,0.000000,ESJ0038,14-3-1 15:44:6,1393659846000,ESJ0544,1,15,15,5.0
02,,BD5736,B6374,B6374,2,0,113.850433,22.715952,0.000000,14-3-1 15:44:26,1393659866000,15.000000,151.000000,15.000000,0.000000,ESJ0038,14-3-1 15:44:26,1393659866000,ESJ0544,1,0,15,84.0
01,,BD5736,B6374,B6374,2,0,113.850273,22.714945,0.000000,14-3-1 15:44:51,1393659891000,22.000000,192.000000,22.000000,0.000000,ESJ0544,14-3-1 15:44:51,1393659891000,ESJ0722,1,0,15,163.0
02,,BD5736,B6374,B6374,2,0,113.850433,22.713940,0.000000,14-3-1 15:45:16,1393659916000,13.000000,128.000000,13.000000,0.000000,ESJ0544,14-3-1 15:45:16,1393659916000,ESJ0722,1,0,15,274.0
00,,BD5736,B6374,B6374,2,0,113.850990,22.713425,0.000000,14-3-1 15:45:36,1393659936000,17.000000,127.000000,17.000000,0.000000,1,0,15,347.0
00,,BD5736,B6374,B6374,2,0,113.851547,22.712984,0.000000,14-3-1 15:45:46,1393659946000,27.000000,134.000000,27.000000,0.000000,1,0,15,416.0
00,,BD5736,B6374,B6374,2,0,113.851707,22.712416,0.000000,14-3-1 15:45:56,1393659956000,25.000000,206.000000,25.000000,0.000000,1,0,15,480.0
00,,BD5736,B6374,B6374,2,0,113.851295,22.711681,0.000000,14-3-1 15:46:6,1393659966000,34.000000,206.000000,34.000000,0.000000,1,0,15,540.0
00,,BD5736,B6374,B6374,2,0,113.851059,22.710848,0.000000,14-3-1 15:46:16,1393659976000,31.000000,196.000000,31.000000,0.000000,1,0,16,590.0
00,,BD5736,B6374,B6374,2,0,113.851013,22.710360,0.000000,14-3-1 15:46:26,1393659986000,15.000000,100.000000,15.000000,0.000000,1,0,16,537.0
00,,BD5736,B6374,B6374,2,0,113.851624,22.710209,0.000000,14-3-1 15:46:36,1393659996000,23.000000,105.000000,23.000000,0.000000,1,0,16,512.0
00,,BD5736,B6374,B6374,2,0,113.852409,22.710009,0.000000,14-3-1 15:47:6,1393660026000,25.000000,103.000000,25.000000,0.000000,1,0,16,491.0
01,,BD5736,B6374,B6374,2,0,113.853096,22.709751,0.000000,14-3-1 15:47:16,1393660036000,30.000000,143.000000,30.000000,0.000000,ESJ0722,14-3-1 15:47:16,1393660036000,1,0,16,475.0
00,,BD5736,B6374,B6374,2,0,113.852943,22.708216,0.000000,14-3-1 15:47:36,1393660056000,30.000000,223.000000,30.000000,0.000000,1,0,16,306.0
00,,BD5736,B6374,B6374,2,0,113.852470,22.707636,0.000000,14-3-1 15:47:46,1393660066000,28.000000,214.000000,28.000000,0.000000,1,0,16,231.0
00,,BD5736,B6374,B6374,2,0,113.852135,22.706900,0.000000,14-3-1 15:47:56,1393660076000,34.000000,202.000000,34.000000,0.000000,1,0,16,144.0
00,,BD5736,B6374,B6374,2,0,113.852058,22.706057,0.000000,14-3-1 15:48:6,1393660086000,28.000000,164.000000,28.000000,0.000000,1,0,16,50.0
00,,BD5736,B6374,B6374,2,0,113.851807,22.705641,0.000000,14-3-1 15:48:16,1393660096000,18.000000,200.000000,18.000000,0.000000,1,16,16,17.0
