00,,BD5828,B6374,B6374,2,0,113.828789,22.715635,0.000000,14-3-1 7:28:59,1393630139000,14.000000,18.000000,14.000000,0.000000,1,1,1,137.0
00,,BD5828,B6374,B6374,2,0,113.828949,22.715952,0.000000,14-3-1 7:29:9,1393630149000,12.000000,32.000000,12.000000,0.000000,1,0,1,157.0
00,,BD5828,B6374,B6374,2,0,113.829102,22.716402,0.000000,14-3-1 7:29:19,1393630159000,16.000000,20.000000,16.000000,0.000000,1,0,1,198.0
00,,BD5828,B6374,B6374,2,0,113.829102,22.716402,0.000000,14-3-1 7:29:19,1393630159000,16.000000,20.000000,16.000000,0.000000,1,0,1,198.0
00,,BD5828,B6374,B6374,2,0,113.828964,22.716791,0.000000,14-3-1 7:29:29,1393630169000,15.000000,341.000000,15.000000,0.000000,1,0,1,244.0
00,,BD5828,B6374,B6374,2,0,113.828514,22.716961,0.000000,14-3-1 7:29:39,1393630179000,17.000000,306.000000,17.000000,0.000000,1,0,1,278.0
00,,BD5828,B6374,B6374,2,0,113.828079,22.717062,0.000000,14-3-1 7:29:54,1393630194000,13.000000,292.000000,13.000000,0.000000,1,0,1,309.0
00,,BD5828,B6374,B6374,2,0,113.827713,22.717146,0.000000,14-3-1 7:30:4,1393630204000,13.000000,276.000000,13.000000,0.000000,1,0,1,338.0
00,,BD5828,B6374,B6374,2,0,113.827553,22.717936,0.000000,14-3-1 7:30:29,1393630229000,16.000000,13.000000,16.000000,0.000000,1,0,1,420.0
00,,BD5828,B6374,B6374,2,0,113.827614,22.718388,0.000000,14-3-1 7:30:39,1393630239000,17.000000,8.000000,17.000000,0.000000,1,0,1,461.0
00,,BD5828,B6374,B6374,2,0,113.827660,22.718962,0.000000,14-3-1 7:30:49,1393630249000,22.000000,6.000000,22.000000,0.000000,1,0,1,517.0
00,,BD5828,B6374,B6374,2,0,113.827751,22.719517,0.000000,14-3-1 7:30:59,1393630259000,26.000000,14.000000,26.000000,0.000000,1,0,4,534.0
00,,BD5828,B6374,B6374,2,0,113.827850,22.720182,0.000000,14-3-1 7:31:9,1393630269000,28.000000,7.000000,28.000000,0.000000,1,0,2,529.0
00,,BD5828,B6374,B6374,2,0,113.827942,22.720964,0.000000,14-3-1 7:31:19,1393630279000,28.000000,8.000000,28.000000,0.000000,1,0,2,468.0
00,,BD5828,B6374,B6374,2,0,113.828026,22.721552,0.000000,14-3-1 7:31:29,1393630289000,16.000000,8.000000,16.000000,0.000000,1,0,2,430.0
00,,BD5828,B6374,B6374,2,0,113.828064,22.721920,0.000000,14-3-1 7:31:39,1393630299000,18.000000,3.000000,18.000000,0.000000,1,0,2,408.0
00,,BD5828,B6374,B6374,2,0,113.828102,22.722363,0.000000,14-3-1 7:31:49,1393630309000,18.000000,3.000000,18.000000,0.000000,1,0,2,385.0
00,,BD5828,B6374,B6374,2,0,113.828064,22.722807,0.000000,14-3-1 7:31:59,1393630319000,11.000000,356.000000,11.000000,0.000000,1,0,2,361.0
00,,BD5828,B6374,B6374,2,0,113.827507,22.723085,0.000000,14-3-1 7:32:14,1393630334000,19.000000,278.000000,19.000000,0.000000,1,0,2,296.0
00,,BD5828,B6374,B6374,2,0,113.826889,22.723339,0.000000,14-3-1 7:32:24,1393630344000,24.000000,289.000000,24.000000,0.000000,1,0,2,227.0
01,,BD5828,B6374,B6374,2,0,113.825989,22.723600,0.000000,14-3-1 7:32:34,1393630354000,31.000000,285.000000,31.000000,0.000000,ESJ0132,14-3-1 7:32:34,1393630354000,ESJ0182,1,0,2,130.0
02,,BD5828,B6374,B6374,2,0,113.824593,22.724075,0.000000,14-3-1 7:32:54,1393630374000,21.000000,290.000000,21.000000,0.000000,ESJ0132,14-3-1 7:32:54,1393630374000,ESJ0182,1,2,2,23.0
00,,BD5828,B6374,B6374,2,0,113.824104,22.724039,0.000000,14-3-1 7:33:44,1393630424000,12.000000,295.000000,12.000000,0.000000,1,0,2,72.0
01,,BD5828,B6374,B6374,2,0,113.823692,22.723804,0.000000,14-3-1 7:33:54,1393630434000,22.000000,249.000000,22.000000,0.000000,ESJ0182,14-3-1 7:33:54,1393630434000,ESJ0183,1,3,3,39.0
02,,BD5828,B6374,B6374,2,0,113.823326,22.723137,0.000000,14-3-1 7:34:19,1393630459000,17.000000,190.000000,17.000000,0.000000,ESJ0182,14-3-1 7:34:19,1393630459000,ESJ0183,1,0,3,44.0
00,,BD5828,B6374,B6374,2,0,113.823029,22.721613,0.000000,14-3-1 7:34:39,1393630479000,35.000000,192.000000,35.000000,0.000000,1,0,3,215.0
00,,BD5828,B6374,B6374,2,0,113.822784,22.720667,0.000000,14-3-1 7:34:49,1393630489000,44.000000,191.000000,44.000000,0.000000,1,0,4,153.0
01,,BD5828,B6374,B6374,2,0,113.822479,22.719702,0.000000,14-3-1 7:34:59,1393630499000,35.000000,197.000000,35.000000,0.000000,ESJ0183,14-3-1 7:34:59,1393630499000,ESJ0184,1,4,4,44.0
02,,BD5828,B6374,B6374,2,0,113.822250,22.718586,0.000000,14-3-1 7:35:19,1393630519000,25.000000,190.000000,25.000000,0.000000,ESJ0183,14-3-1 7:35:19,1393630519000,ESJ0184,1,0,4,86.0
00,,BD5828,B6374,B6374,2,0,113.822182,22.718121,0.000000,14-3-1 7:35:59,1393630559000,13.000000,196.000000,13.000000,0.000000,1,0,4,138.0
00,,BD5828,B6374,B6374,2,0,113.821991,22.717575,0.000000,14-3-1 7:36:9,1393630569000,23.000000,199.000000,23.000000,0.000000,1,0,5,100.0
01,,BD5828,B6374,B6374,2,0,113.821709,22.716837,0.000000,14-3-1 7:36:19,1393630579000,30.000000,200.000000,30.000000,0.000000,ESJ0184,14-3-1 7:36:19,1393630579000,ESJ0288,1,5,5,16.0
02,,BD5828,B6374,B6374,2,0,113.821434,22.716084,0.000000,14-3-1 7:36:29,1393630589000,36.000000,198.000000,36.000000,0.000000,ESJ0184,14-3-1 7:36:29,1393630589000,ESJ0288,1,0,5,77.0
00,,BD5828,B6374,B6374,2,0,113.821014,22.714703,0.000000,14-3-1 7:36:49,1393630609000,30.000000,196.000000,30.000000,0.000000,1,0,5,235.0
00,,BD5828,B6374,B6374,2,0,113.820816,22.714056,0.000000,14-3-1 7:36:59,1393630619000,19.000000,195.000000,19.000000,0.000000,1,0,5,310.0
00,,BD5828,B6374,B6374,2,0,113.820702,22.713837,0.000000,14-3-1 7:37:9,1393630629000,14.000000,207.000000,14.000000,0.000000,1,0,5,337.0
00,,BD5828,B6374,B6374,2,0,113.820915,22.713535,0.000000,14-3-1 7:37:20,1393630640000,20.000000,100.000000,20.000000,0.000000,1,0,5,363.0
00,,BD5828,B6374,B6374,2,0,113.821487,22.713484,0.000000,14-3-1 7:37:29,1393630649000,23.000000,97.000000,23.000000,0.000000,1,0,6,353.0
00,,BD5828,B6374,B6374,2,0,113.822205,22.713392,0.000000,14-3-1 7:37:39,1393630659000,30.000000,95.000000,30.000000,0.000000,1,0,6,279.0
00,,BD5828,B6374,B6374,2,0,113.823029,22.713331,0.000000,14-3-1 7:37:49,1393630669000,30.000000,98.000000,30.000000,0.000000,1,0,6,194.0
00,,BD5828,B6374,B6374,2,0,113.823776,22.713264,0.000000,14-3-1 7:37:59,1393630679000,17.000000,96.000000,17.000000,0.000000,1,0,6,118.0
01,,BD5828,B6374,B6374,2,0,113.824371,22.713146,0.000000,14-3-1 7:38:9,1393630689000,26.000000,100.000000,26.000000,0.000000,ESJ0288,14-3-1 7:38:9,1393630689000,ESJ0017,1,6,6,56.0
02,,BD5828,B6374,B6374,2,0,113.825455,22.712984,0.000000,14-3-1 7:38:29,1393630709000,22.000000,96.000000,22.000000,0.000000,ESJ0288,14-3-1 7:38:29,1393630709000,ESJ0017,1,0,6,59.0
00,,BD5828,B6374,B6374,2,0,113.826736,22.712788,0.000000,14-3-1 7:38:49,1393630729000,26.000000,100.000000,26.000000,0.000000,1,0,6,192.0
00,,BD5828,B6374,B6374,2,0,113.827507,22.712656,0.000000,14-3-1 7:38:59,1393630739000,31.000000,98.000000,31.000000,0.000000,1,0,7,241.0
00,,BD5828,B6374,B6374,2,0,113.828354,22.712551,0.000000,14-3-1 7:39:9,1393630749000,29.000000,98.000000,29.000000,0.000000,1,0,7,154.0
01,,BD5828,B6374,B6374,2,0,113.829201,22.712442,0.000000,14-3-1 7:39:19,1393630759000,36.000000,98.000000,36.000000,0.000000,ESJ0017,14-3-1 7:39:19,1393630759000,ESJ0552,1,0,7,69.0
02,,BD5828,B6374,B6374,2,0,113.830177,22.711569,0.000000,14-3-1 7:39:44,1393630784000,26.000000,246.000000,26.000000,0.000000,ESJ0017,14-3-1 7:39:44,1393630784000,ESJ0552,1,0,7,121.0
00,,BD5828,B6374,B6374,2,0,113.829819,22.711603,0.000000,14-3-1 7:39:49,1393630789000,24.000000,295.000000,24.000000,0.000000,1,0,7,112.0
00,,BD5828,B6374,B6374,2,0,113.829620,22.711800,0.000000,14-3-1 7:39:54,1393630794000,15.000000,337.000000,15.000000,0.000000,1,0,7,93.0
00,,BD5828,B6374,B6374,2,0,113.829674,22.712236,0.000000,14-3-1 7:40:4,1393630804000,20.000000,8.000000,20.000000,0.000000,1,7,7,46.0
00,,BD5828,B6374,B6374,2,0,113.838547,22.720324,0.000000,14-3-1 7:43:44,1393631024000,25.000000,107.000000,25.000000,0.000000,1,0,12,114.0
00,,BD5828,B6374,B6374,2,0,113.839226,22.720161,0.000000,14-3-1 7:43:54,1393631034000,23.000000,96.000000,23.000000,0.000000,1,0,12,43.0
00,,BD5828,B6374,B6374,2,0,113.839844,22.720032,0.000000,14-3-1 7:44:4,1393631044000,25.000000,103.000000,25.000000,0.000000,1,12,12,23.0
01,,BD5828,B6374,B6374,2,0,113.840576,22.719921,0.000000,14-3-1 7:44:14,1393631054000,25.000000,99.000000,25.000000,0.000000,ESJ0035,14-3-1 7:44:14,1393631054000,ESJ0769,1,0,12,99.0
01,,BD5828,B6374,B6374,2,0,113.843658,22.719551,0.000000,14-3-1 7:46:29,1393631189000,12.000000,116.000000,12.000000,0.000000,ESJ0769,14-3-1 7:46:29,1393631189000,ESJ0038,1,0,14,94.0
02,,BD5828,B6374,B6374,2,0,113.843658,22.719551,0.000000,14-3-1 7:46:29,1393631189000,12.000000,116.000000,12.000000,0.000000,ESJ0035,14-3-1 7:46:29,1393631189000,ESJ0769,1,0,14,94.0
02,,BD5828,B6374,B6374,2,0,113.843658,22.719551,0.000000,14-3-1 7:46:29,1393631189000,12.000000,116.000000,12.000000,0.000000,ESJ0769,14-3-1 7:46:29,1393631189000,ESJ0038,1,0,14,94.0
00,,BD5828,B6374,B6374,2,0,113.844414,22.719109,0.000000,14-3-1 7:46:49,1393631209000,21.000000,129.000000,21.000000,0.000000,1,14,14,2.0
00,,BD5828,B6374,B6374,2,0,113.845047,22.718628,0.000000,14-3-1 7:46:59,1393631219000,30.000000,128.000000,30.000000,0.000000,1,0,14,82.0
00,,BD5828,B6374,B6374,2,0,113.845459,22.718342,0.000000,14-3-1 7:47:9,1393631229000,15.000000,125.000000,15.000000,0.000000,1,0,14,135.0
00,,BD5828,B6374,B6374,2,0,113.845985,22.718042,0.000000,14-3-1 7:47:19,1393631239000,25.000000,123.000000,25.000000,0.000000,1,0,14,198.0
00,,BD5828,B6374,B6374,2,0,113.846649,22.717571,0.000000,14-3-1 7:47:29,1393631249000,30.000000,125.000000,30.000000,0.000000,1,0,14,284.0
00,,BD5828,B6374,B6374,2,0,113.847198,22.717224,0.000000,14-3-1 7:47:39,1393631259000,17.000000,120.000000,17.000000,0.000000,1,0,15,278.0
00,,BD5828,B6374,B6374,2,0,113.847755,22.716999,0.000000,14-3-1 7:47:49,1393631269000,22.000000,110.000000,22.000000,0.000000,1,0,15,215.0
00,,BD5828,B6374,B6374,2,0,113.848549,22.716686,0.000000,14-3-1 7:47:59,1393631279000,32.000000,115.000000,32.000000,0.000000,1,0,15,127.0
01,,BD5828,B6374,B6374,2,0,113.849625,22.716244,0.000000,14-3-1 7:48:9,1393631289000,42.000000,114.000000,42.000000,0.000000,ESJ0038,14-3-1 7:48:9,1393631289000,ESJ0544,1,15,15,12.0
02,,BD5828,B6374,B6374,2,0,113.850349,22.715872,0.000000,14-3-1 7:48:29,1393631309000,16.000000,123.000000,16.000000,0.000000,ESJ0038,14-3-1 7:48:29,1393631309000,ESJ0544,1,0,15,81.0
01,,BD5828,B6374,B6374,2,0,113.850273,22.715040,0.000000,14-3-1 7:48:59,1393631339000,10.000000,213.000000,10.000000,0.000000,ESJ0544,14-3-1 7:48:59,1393631339000,ESJ0722,1,0,15,153.0
00,,BD5828,B6374,B6374,2,0,113.850082,22.714125,0.000000,14-3-1 7:49:19,1393631359000,12.000000,162.000000,12.000000,0.000000,1,0,15,246.0
02,,BD5828,B6374,B6374,2,0,113.850273,22.713964,0.000000,14-3-1 7:49:29,1393631369000,19.000000,133.000000,19.000000,0.000000,ESJ0544,14-3-1 7:49:29,1393631369000,ESJ0722,1,0,15,268.0
00,,BD5828,B6374,B6374,2,0,113.851807,22.712637,0.000000,14-3-1 7:49:59,1393631399000,15.000000,156.000000,15.000000,0.000000,1,0,15,462.0
00,,BD5828,B6374,B6374,2,0,113.851707,22.712313,0.000000,14-3-1 7:50:9,1393631409000,17.000000,200.000000,17.000000,0.000000,1,0,15,490.0
00,,BD5828,B6374,B6374,2,0,113.851387,22.711781,0.000000,14-3-1 7:50:19,1393631419000,27.000000,204.000000,27.000000,0.000000,1,0,15,533.0
00,,BD5828,B6374,B6374,2,0,113.851112,22.711037,0.000000,14-3-1 7:50:29,1393631429000,31.000000,192.000000,31.000000,0.000000,1,0,15,605.0
00,,BD5828,B6374,B6374,2,0,113.850960,22.710396,0.000000,14-3-1 7:50:39,1393631439000,17.000000,191.000000,17.000000,0.000000,1,0,16,542.0
00,,BD5828,B6374,B6374,2,0,113.851662,22.710133,0.000000,14-3-1 7:50:54,1393631454000,22.000000,106.000000,22.000000,0.000000,1,0,16,504.0
00,,BD5828,B6374,B6374,2,0,113.852295,22.709991,0.000000,14-3-1 7:51:4,1393631464000,27.000000,108.000000,27.000000,0.000000,1,0,16,488.0
01,,BD5828,B6374,B6374,2,0,113.852974,22.709835,0.000000,14-3-1 7:51:14,1393631474000,21.000000,115.000000,21.000000,0.000000,ESJ0722,14-3-1 7:51:14,1393631474000,1,0,16,481.0
00,,BD5828,B6374,B6374,2,0,113.853325,22.709051,0.000000,14-3-1 7:51:29,1393631489000,24.000000,161.000000,24.000000,0.000000,1,0,16,407.0
00,,BD5828,B6374,B6374,2,0,113.853172,22.708385,0.000000,14-3-1 7:51:39,1393631499000,31.000000,206.000000,31.000000,0.000000,1,0,16,332.0
00,,BD5828,B6374,B6374,2,0,113.852585,22.707628,0.000000,14-3-1 7:51:49,1393631509000,37.000000,216.000000,37.000000,0.000000,1,0,16,233.0
00,,BD5828,B6374,B6374,2,0,113.852058,22.706741,0.000000,14-3-1 7:51:59,1393631519000,45.000000,204.000000,45.000000,0.000000,1,16,16,125.0
