00,,BD5703,B6374,B6374,2,0,113.828712,22.715675,0.000000,14-3-1 13:6:27,1393650387000,14.000000,20.000000,14.000000,0.000000,1,0,1,146.0
00,,BD5703,B6374,B6374,2,0,113.828850,22.716080,0.000000,14-3-1 13:6:37,1393650397000,18.000000,15.000000,18.000000,0.000000,1,0,1,175.0
00,,BD5703,B6374,B6374,2,0,113.828850,22.716080,0.000000,14-3-1 13:6:37,1393650397000,18.000000,15.000000,18.000000,0.000000,1,0,1,175.0
00,,BD5703,B6374,B6374,2,0,113.828941,22.716837,0.000000,14-3-1 13:6:57,1393650417000,16.000000,20.000000,16.000000,0.000000,1,0,1,250.0
00,,BD5703,B6374,B6374,2,0,113.828568,22.717072,0.000000,14-3-1 13:7:17,1393650437000,12.000000,277.000000,12.000000,0.000000,1,0,1,287.0
00,,BD5703,B6374,B6374,2,0,113.828049,22.717142,0.000000,14-3-1 13:7:37,1393650457000,16.000000,277.000000,16.000000,0.000000,1,0,1,318.0
00,,BD5703,B6374,B6374,2,0,113.827454,22.717257,0.000000,14-3-1 13:7:47,1393650467000,21.000000,284.000000,21.000000,0.000000,1,0,1,364.0
00,,BD5703,B6374,B6374,2,0,113.827377,22.718086,0.000000,14-3-1 13:8:2,1393650482000,28.000000,5.000000,28.000000,0.000000,1,0,1,444.0
00,,BD5703,B6374,B6374,2,0,113.827469,22.718826,0.000000,14-3-1 13:8:12,1393650492000,34.000000,7.000000,34.000000,0.000000,1,0,4,508.0
00,,BD5703,B6374,B6374,2,0,113.827599,22.719522,0.000000,14-3-1 13:8:22,1393650502000,27.000000,6.000000,27.000000,0.000000,1,0,4,519.0
00,,BD5703,B6374,B6374,2,0,113.827698,22.720142,0.000000,14-3-1 13:8:32,1393650512000,27.000000,8.000000,27.000000,0.000000,1,0,2,524.0
00,,BD5703,B6374,B6374,2,0,113.827850,22.723148,0.000000,14-3-1 13:10:7,1393650607000,17.000000,288.000000,17.000000,0.000000,1,0,2,327.0
00,,BD5703,B6374,B6374,2,0,113.827171,22.723389,0.000000,14-3-1 13:10:17,1393650617000,27.000000,290.000000,27.000000,0.000000,1,0,2,253.0
00,,BD5703,B6374,B6374,2,0,113.826241,22.723722,0.000000,14-3-1 13:10:27,1393650627000,34.000000,293.000000,34.000000,0.000000,1,0,2,151.0
01,,BD5703,B6374,B6374,2,0,113.825409,22.723976,0.000000,14-3-1 13:10:37,1393650637000,12.000000,288.000000,12.000000,0.000000,ESJ0132,14-3-1 13:10:37,1393650637000,ESJ0182,1,0,2,62.0
02,,BD5703,B6374,B6374,2,0,113.824326,22.724253,0.000000,14-3-1 13:11:7,1393650667000,18.000000,298.000000,18.000000,0.000000,ESJ0132,14-3-1 13:11:7,1393650667000,ESJ0182,1,2,2,56.0
01,,BD5703,B6374,B6374,2,0,113.823601,22.724161,0.000000,14-3-1 13:11:22,1393650682000,21.000000,200.000000,21.000000,0.000000,ESJ0182,14-3-1 13:11:22,1393650682000,ESJ0183,1,3,3,75.0
02,,BD5703,B6374,B6374,2,0,113.823227,22.722685,0.000000,14-3-1 13:11:52,1393650712000,29.000000,189.000000,29.000000,0.000000,ESJ0182,14-3-1 13:11:52,1393650712000,ESJ0183,1,0,3,94.0
00,,BD5703,B6374,B6374,2,0,113.822685,22.720186,0.000000,14-3-1 13:12:22,1393650742000,33.000000,191.000000,33.000000,0.000000,1,0,4,99.0
01,,BD5703,B6374,B6374,2,0,113.822495,22.719427,0.000000,14-3-1 13:12:32,1393650752000,26.000000,196.000000,26.000000,0.000000,ESJ0183,14-3-1 13:12:32,1393650752000,ESJ0184,1,4,4,14.0
02,,BD5703,B6374,B6374,2,0,113.822342,22.718733,0.000000,14-3-1 13:12:42,1393650762000,29.000000,191.000000,29.000000,0.000000,ESJ0183,14-3-1 13:12:42,1393650762000,ESJ0184,1,0,4,68.0
01,,BD5703,B6374,B6374,2,0,113.821732,22.716776,0.000000,14-3-1 13:13:12,1393650792000,34.000000,198.000000,34.000000,0.000000,ESJ0184,14-3-1 13:13:12,1393650792000,ESJ0288,1,5,5,9.0
02,,BD5703,B6374,B6374,2,0,113.821426,22.715965,0.000000,14-3-1 13:13:22,1393650802000,35.000000,198.000000,35.000000,0.000000,ESJ0184,14-3-1 13:13:22,1393650802000,ESJ0288,1,0,5,89.0
00,,BD5703,B6374,B6374,2,0,113.820877,22.714436,0.000000,14-3-1 13:13:42,1393650822000,20.000000,197.000000,20.000000,0.000000,1,0,5,268.0
00,,BD5703,B6374,B6374,2,0,113.820717,22.714012,0.000000,14-3-1 13:14:2,1393650842000,12.000000,198.000000,12.000000,0.000000,1,0,5,318.0
00,,BD5703,B6374,B6374,2,0,113.820755,22.713709,0.000000,14-3-1 13:16:17,1393650977000,15.000000,121.000000,15.000000,0.000000,1,0,5,349.0
00,,BD5703,B6374,B6374,2,0,113.821304,22.713619,0.000000,14-3-1 13:16:27,1393650987000,25.000000,100.000000,25.000000,0.000000,1,0,5,346.0
00,,BD5703,B6374,B6374,2,0,113.822266,22.713491,0.000000,14-3-1 13:16:37,1393650997000,35.000000,97.000000,35.000000,0.000000,1,0,6,275.0
00,,BD5703,B6374,B6374,2,0,113.823273,22.713356,0.000000,14-3-1 13:16:47,1393651007000,33.000000,97.000000,33.000000,0.000000,1,0,6,170.0
01,,BD5703,B6374,B6374,2,0,113.824104,22.713243,0.000000,14-3-1 13:16:57,1393651017000,31.000000,100.000000,31.000000,0.000000,ESJ0288,14-3-1 13:16:57,1393651017000,ESJ0017,1,0,6,85.0
02,,BD5703,B6374,B6374,2,0,113.825554,22.713041,0.000000,14-3-1 13:17:17,1393651037000,32.000000,93.000000,32.000000,0.000000,ESJ0288,14-3-1 13:17:17,1393651037000,ESJ0017,1,6,6,70.0
00,,BD5703,B6374,B6374,2,0,113.827347,22.712748,0.000000,14-3-1 13:17:37,1393651057000,35.000000,101.000000,35.000000,0.000000,1,0,6,255.0
00,,BD5703,B6374,B6374,2,0,113.828300,22.712608,0.000000,14-3-1 13:17:47,1393651067000,36.000000,98.000000,36.000000,0.000000,1,0,7,159.0
01,,BD5703,B6374,B6374,2,0,113.829216,22.712484,0.000000,14-3-1 13:17:57,1393651077000,33.000000,98.000000,33.000000,0.000000,ESJ0017,14-3-1 13:17:57,1393651077000,ESJ0552,1,0,7,67.0
00,,BD5703,B6374,B6374,2,0,113.830132,22.712328,0.000000,14-3-1 13:18:7,1393651087000,31.000000,110.000000,31.000000,0.000000,1,7,7,43.0
02,,BD5703,B6374,B6374,2,0,113.830338,22.711693,0.000000,14-3-1 13:18:17,1393651097000,29.000000,217.000000,29.000000,0.000000,ESJ0017,14-3-1 13:18:17,1393651097000,ESJ0552,1,0,7,114.0
00,,BD5703,B6374,B6374,2,0,113.830399,22.714180,0.000000,14-3-1 13:19:2,1393651142000,34.000000,22.000000,34.000000,0.000000,1,0,1,96.0
01,,BD5703,B6374,B6374,2,0,113.830795,22.714924,0.000000,14-3-1 13:19:12,1393651152000,30.000000,26.000000,30.000000,0.000000,ESJ0552,14-3-1 13:19:12,1393651152000,ESJ0554,1,0,8,80.0
02,,BD5703,B6374,B6374,2,0,113.831352,22.715946,0.000000,14-3-1 13:19:32,1393651172000,27.000000,28.000000,27.000000,0.000000,ESJ0552,14-3-1 13:19:32,1393651172000,ESJ0554,1,8,8,48.0
00,,BD5703,B6374,B6374,2,0,113.832161,22.717424,0.000000,14-3-1 13:19:52,1393651192000,35.000000,26.000000,35.000000,0.000000,1,0,8,232.0
00,,BD5703,B6374,B6374,2,0,113.832619,22.718237,0.000000,14-3-1 13:20:2,1393651202000,36.000000,27.000000,36.000000,0.000000,1,0,9,221.0
00,,BD5703,B6374,B6374,2,0,113.835854,22.722948,0.000000,14-3-1 13:22:5,1393651325000,8.000000,134.000000,8.000000,0.000000,1,10,10,40.0
00,,BD5703,B6374,B6374,2,0,113.836166,22.722664,0.000000,14-3-1 13:22:15,1393651335000,18.000000,139.000000,18.000000,0.000000,1,0,10,84.0
00,,BD5703,B6374,B6374,2,0,113.836563,22.722252,0.000000,14-3-1 13:22:25,1393651345000,23.000000,135.000000,23.000000,0.000000,1,0,10,144.0
01,,BD5703,B6374,B6374,2,0,113.836960,22.721832,0.000000,14-3-1 13:22:35,1393651355000,19.000000,137.000000,19.000000,0.000000,ESJ0034,14-3-1 13:22:35,1393651355000,ESJ0035,1,0,11,85.0
00,,BD5703,B6374,B6374,2,0,113.837517,22.721205,0.000000,14-3-1 13:22:55,1393651375000,11.000000,132.000000,11.000000,0.000000,1,11,11,12.0
02,,BD5703,B6374,B6374,2,0,113.837837,22.720926,0.000000,14-3-1 13:23:5,1393651385000,17.000000,134.000000,17.000000,0.000000,ESJ0034,14-3-1 13:23:5,1393651385000,ESJ0035,1,0,11,54.0
01,,BD5703,B6374,B6374,2,0,113.840370,22.720026,0.000000,14-3-1 13:23:55,1393651435000,23.000000,93.000000,23.000000,0.000000,ESJ0035,14-3-1 13:23:55,1393651435000,ESJ0769,1,12,12,76.0
02,,BD5703,B6374,B6374,2,0,113.841454,22.719927,0.000000,14-3-1 13:24:14,1393651454000,21.000000,97.000000,21.000000,0.000000,ESJ0035,14-3-1 13:24:14,1393651454000,ESJ0769,1,13,13,56.0
01,,BD5703,B6374,B6374,2,0,113.842560,22.719856,0.000000,14-3-1 13:24:34,1393651474000,22.000000,93.000000,22.000000,0.000000,ESJ0769,14-3-1 13:24:34,1393651474000,ESJ0038,1,0,13,59.0
02,,BD5703,B6374,B6374,2,0,113.843521,22.719706,0.000000,14-3-1 13:24:54,1393651494000,14.000000,101.000000,14.000000,0.000000,ESJ0769,14-3-1 13:24:54,1393651494000,ESJ0038,1,0,14,115.0
00,,BD5703,B6374,B6374,2,0,113.844856,22.718821,0.000000,14-3-1 13:25:24,1393651524000,25.000000,128.000000,25.000000,0.000000,1,14,14,53.0
00,,BD5703,B6374,B6374,2,0,113.845390,22.718435,0.000000,14-3-1 13:25:34,1393651534000,25.000000,128.000000,25.000000,0.000000,1,0,14,123.0
00,,BD5703,B6374,B6374,2,0,113.846024,22.718021,0.000000,14-3-1 13:25:44,1393651544000,30.000000,122.000000,30.000000,0.000000,1,0,14,203.0
00,,BD5703,B6374,B6374,2,0,113.846634,22.717632,0.000000,14-3-1 13:25:54,1393651554000,22.000000,126.000000,22.000000,0.000000,1,0,14,279.0
00,,BD5703,B6374,B6374,2,0,113.846970,22.717402,0.000000,14-3-1 13:26:4,1393651564000,13.000000,123.000000,13.000000,0.000000,1,0,15,307.0
00,,BD5703,B6374,B6374,2,0,113.847458,22.717213,0.000000,14-3-1 13:26:14,1393651574000,23.000000,110.000000,23.000000,0.000000,1,0,15,253.0
00,,BD5703,B6374,B6374,2,0,113.848145,22.716961,0.000000,14-3-1 13:26:24,1393651584000,28.000000,111.000000,28.000000,0.000000,1,0,15,177.0
00,,BD5703,B6374,B6374,2,0,113.849052,22.716587,0.000000,14-3-1 13:26:34,1393651594000,38.000000,113.000000,38.000000,0.000000,1,0,15,75.0
01,,BD5703,B6374,B6374,2,0,113.849983,22.716196,0.000000,14-3-1 13:26:44,1393651604000,32.000000,117.000000,32.000000,0.000000,ESJ0038,14-3-1 13:26:44,1393651604000,ESJ0544,1,15,15,30.0
02,,BD5703,B6374,B6374,2,0,113.850502,22.715881,0.000000,14-3-1 13:27:4,1393651624000,17.000000,127.000000,17.000000,0.000000,ESJ0038,14-3-1 13:27:4,1393651624000,ESJ0544,1,0,15,94.0
01,,BD5703,B6374,B6374,2,0,113.850098,22.714439,0.000000,14-3-1 13:27:27,1393651647000,27.000000,195.000000,27.000000,0.000000,ESJ0544,14-3-1 13:27:27,1393651647000,ESJ0722,1,0,15,212.0
02,,BD5703,B6374,B6374,2,0,113.850525,22.713860,0.000000,14-3-1 13:27:42,1393651662000,25.000000,133.000000,25.000000,0.000000,ESJ0544,14-3-1 13:27:42,1393651662000,ESJ0722,1,0,15,285.0
00,,BD5703,B6374,B6374,2,0,113.851662,22.712944,0.000000,14-3-1 13:28:2,1393651682000,25.000000,134.000000,25.000000,0.000000,1,0,15,425.0
00,,BD5703,B6374,B6374,2,0,113.851776,22.712700,0.000000,14-3-1 13:28:7,1393651687000,24.000000,187.000000,24.000000,0.000000,1,0,15,454.0
00,,BD5703,B6374,B6374,2,0,113.851448,22.711966,0.000000,14-3-1 13:28:17,1393651697000,33.000000,207.000000,33.000000,0.000000,1,0,15,516.0
00,,BD5703,B6374,B6374,2,0,113.851151,22.711136,0.000000,14-3-1 13:28:27,1393651707000,33.000000,200.000000,33.000000,0.000000,1,0,15,595.0
00,,BD5703,B6374,B6374,2,0,113.850975,22.710443,0.000000,14-3-1 13:28:37,1393651717000,18.000000,158.000000,18.000000,0.000000,1,0,16,547.0
00,,BD5703,B6374,B6374,2,0,113.851273,22.710312,0.000000,14-3-1 13:28:42,1393651722000,28.000000,105.000000,28.000000,0.000000,1,0,16,527.0
00,,BD5703,B6374,B6374,2,0,113.852173,22.710106,0.000000,14-3-1 13:28:52,1393651732000,36.000000,102.000000,36.000000,0.000000,1,0,16,500.0
01,,BD5703,B6374,B6374,2,0,113.853035,22.709921,0.000000,14-3-1 13:29:2,1393651742000,27.000000,118.000000,27.000000,0.000000,ESJ0722,14-3-1 13:29:2,1393651742000,1,0,16,492.0
00,,BD5703,B6374,B6374,2,0,113.853271,22.708817,0.000000,14-3-1 13:29:17,1393651757000,34.000000,187.000000,34.000000,0.000000,1,0,16,381.0
00,,BD5703,B6374,B6374,2,0,113.852829,22.708055,0.000000,14-3-1 13:29:27,1393651767000,36.000000,217.000000,36.000000,0.000000,1,0,16,285.0
00,,BD5703,B6374,B6374,2,0,113.852325,22.707336,0.000000,14-3-1 13:29:37,1393651777000,32.000000,209.000000,32.000000,0.000000,1,0,16,195.0
00,,BD5703,B6374,B6374,2,0,113.851921,22.706495,0.000000,14-3-1 13:29:47,1393651787000,33.000000,188.000000,33.000000,0.000000,1,0,16,98.0
00,,BD5703,B6374,B6374,2,0,113.851982,22.705772,0.000000,14-3-1 13:29:57,1393651797000,23.000000,203.000000,23.000000,0.000000,1,16,16,17.0
