00,,BD5828,B6374,B6374,2,0,113.829063,22.716524,0.000000,14-3-1 17:57:40,1393667860000,7.000000,10.000000,7.000000,0.000000,1,0,1,213.0
00,,BD5828,B6374,B6374,2,0,113.829063,22.716524,0.000000,14-3-1 17:57:40,1393667860000,7.000000,10.000000,7.000000,0.000000,1,0,1,213.0
00,,BD5828,B6374,B6374,2,0,113.828743,22.717112,0.000000,14-3-1 17:58:20,1393667900000,12.000000,275.000000,12.000000,0.000000,1,0,1,285.0
00,,BD5828,B6374,B6374,2,0,113.828026,22.717224,0.000000,14-3-1 17:58:50,1393667930000,13.000000,263.000000,13.000000,0.000000,1,0,1,327.0
00,,BD5828,B6374,B6374,2,0,113.827660,22.717276,0.000000,14-3-1 17:59:0,1393667940000,17.000000,282.000000,17.000000,0.000000,1,0,1,353.0
00,,BD5828,B6374,B6374,2,0,113.827454,22.717833,0.000000,14-3-1 17:59:20,1393667960000,17.000000,8.000000,17.000000,0.000000,1,0,1,416.0
00,,BD5828,B6374,B6374,2,0,113.827538,22.718405,0.000000,14-3-1 17:59:30,1393667970000,23.000000,4.000000,23.000000,0.000000,1,0,1,467.0
00,,BD5828,B6374,B6374,2,0,113.827629,22.718996,0.000000,14-3-1 17:59:40,1393667980000,23.000000,12.000000,23.000000,0.000000,1,0,1,522.0
00,,BD5828,B6374,B6374,2,0,113.827736,22.719667,0.000000,14-3-1 17:59:50,1393667990000,25.000000,6.000000,25.000000,0.000000,1,0,4,534.0
00,,BD5828,B6374,B6374,2,0,113.827812,22.720341,0.000000,14-3-1 18:0:0,1393668000000,24.000000,9.000000,24.000000,0.000000,1,0,2,513.0
00,,BD5828,B6374,B6374,2,0,113.827896,22.720917,0.000000,14-3-1 18:0:10,1393668010000,21.000000,6.000000,21.000000,0.000000,1,0,2,469.0
00,,BD5828,B6374,B6374,2,0,113.827942,22.721439,0.000000,14-3-1 18:0:20,1393668020000,19.000000,4.000000,19.000000,0.000000,1,0,2,431.0
00,,BD5828,B6374,B6374,2,0,113.828049,22.721832,0.000000,14-3-1 18:0:30,1393668030000,15.000000,5.000000,15.000000,0.000000,1,0,2,412.0
00,,BD5828,B6374,B6374,2,0,113.828079,22.722265,0.000000,14-3-1 18:0:40,1393668040000,11.000000,356.000000,11.000000,0.000000,1,0,2,389.0
00,,BD5828,B6374,B6374,2,0,113.827995,22.722977,0.000000,14-3-1 18:1:20,1393668080000,15.000000,358.000000,15.000000,0.000000,1,0,2,347.0
00,,BD5828,B6374,B6374,2,0,113.827850,22.723207,0.000000,14-3-1 18:1:30,1393668090000,18.000000,288.000000,18.000000,0.000000,1,0,2,325.0
00,,BD5828,B6374,B6374,2,0,113.827278,22.723421,0.000000,14-3-1 18:1:40,1393668100000,26.000000,290.000000,26.000000,0.000000,1,0,2,262.0
00,,BD5828,B6374,B6374,2,0,113.826561,22.723656,0.000000,14-3-1 18:1:50,1393668110000,24.000000,291.000000,24.000000,0.000000,1,0,2,185.0
01,,BD5828,B6374,B6374,2,0,113.825989,22.723827,0.000000,14-3-1 18:2:0,1393668120000,22.000000,289.000000,22.000000,0.000000,ESJ0132,14-3-1 18:2:0,1393668120000,ESJ0182,1,0,2,123.0
02,,BD5828,B6374,B6374,2,0,113.824699,22.724232,0.000000,14-3-1 18:2:40,1393668160000,22.000000,283.000000,22.000000,0.000000,ESJ0132,14-3-1 18:2:40,1393668160000,ESJ0182,1,2,2,26.0
00,,BD5828,B6374,B6374,2,0,113.823761,22.724272,0.000000,14-3-1 18:5:0,1393668300000,15.000000,219.000000,15.000000,0.000000,1,0,3,91.0
01,,BD5828,B6374,B6374,2,0,113.823555,22.723761,0.000000,14-3-1 18:5:10,1393668310000,20.000000,187.000000,20.000000,0.000000,ESJ0182,14-3-1 18:5:10,1393668310000,ESJ0183,1,3,3,31.0
02,,BD5828,B6374,B6374,2,0,113.823303,22.722696,0.000000,14-3-1 18:5:30,1393668330000,25.000000,194.000000,25.000000,0.000000,ESJ0182,14-3-1 18:5:30,1393668330000,ESJ0183,1,0,3,91.0
01,,BD5828,B6374,B6374,2,0,113.822723,22.720016,0.000000,14-3-1 18:6:10,1393668370000,27.000000,191.000000,27.000000,0.000000,ESJ0183,14-3-1 18:6:10,1393668370000,ESJ0184,1,0,4,81.0
02,,BD5828,B6374,B6374,2,0,113.822449,22.718752,0.000000,14-3-1 18:6:30,1393668390000,23.000000,191.000000,23.000000,0.000000,ESJ0183,14-3-1 18:6:30,1393668390000,ESJ0184,1,4,4,63.0
00,,BD5828,B6374,B6374,2,0,113.822105,22.717655,0.000000,14-3-1 18:8:0,1393668480000,22.000000,197.000000,22.000000,0.000000,1,0,5,112.0
01,,BD5828,B6374,B6374,2,0,113.821838,22.717064,0.000000,14-3-1 18:8:10,1393668490000,24.000000,201.000000,24.000000,0.000000,ESJ0184,14-3-1 18:8:10,1393668490000,ESJ0288,1,5,5,41.0
02,,BD5828,B6374,B6374,2,0,113.821381,22.715828,0.000000,14-3-1 18:8:30,1393668510000,29.000000,200.000000,29.000000,0.000000,ESJ0184,14-3-1 18:8:30,1393668510000,ESJ0288,1,0,5,105.0
00,,BD5828,B6374,B6374,2,0,113.820877,22.714392,0.000000,14-3-1 18:8:50,1393668530000,27.000000,200.000000,27.000000,0.000000,1,0,5,273.0
00,,BD5828,B6374,B6374,2,0,113.820702,22.713669,0.000000,14-3-1 18:10:50,1393668650000,15.000000,186.000000,15.000000,0.000000,1,0,5,355.0
00,,BD5828,B6374,B6374,2,0,113.821617,22.713547,0.000000,14-3-1 18:11:5,1393668665000,25.000000,115.000000,25.000000,0.000000,1,0,6,341.0
00,,BD5828,B6374,B6374,2,0,113.822304,22.713436,0.000000,14-3-1 18:11:15,1393668675000,24.000000,100.000000,24.000000,0.000000,1,0,6,270.0
00,,BD5828,B6374,B6374,2,0,113.822937,22.713387,0.000000,14-3-1 18:11:25,1393668685000,23.000000,97.000000,23.000000,0.000000,1,0,6,205.0
00,,BD5828,B6374,B6374,2,0,113.823570,22.713303,0.000000,14-3-1 18:11:35,1393668695000,24.000000,98.000000,24.000000,0.000000,1,0,6,139.0
01,,BD5828,B6374,B6374,2,0,113.824234,22.713228,0.000000,14-3-1 18:11:45,1393668705000,24.000000,97.000000,24.000000,0.000000,ESJ0288,14-3-1 18:11:45,1393668705000,ESJ0017,1,6,6,72.0
01,,BD5828,B6374,B6374,2,0,113.839684,22.720245,0.000000,14-3-1 18:20:0,1393669200000,16.000000,87.000000,16.000000,0.000000,ESJ0017,14-3-1 18:20:0,1393669200000,ESJ0552,1,12,12,15.0
02,,BD5828,B6374,B6374,2,0,113.839684,22.720245,0.000000,14-3-1 18:20:0,1393669200000,16.000000,87.000000,16.000000,0.000000,ESJ0017,14-3-1 18:20:0,1393669200000,ESJ0552,1,0,12,15.0
02,,BD5828,B6374,B6374,2,0,113.839684,22.720245,0.000000,14-3-1 18:20:0,1393669200000,16.000000,87.000000,16.000000,0.000000,ESJ0288,14-3-1 18:20:0,1393669200000,ESJ0017,1,0,12,15.0
01,,BD5828,B6374,B6374,2,0,113.840134,22.720177,0.000000,14-3-1 18:20:10,1393669210000,18.000000,95.000000,18.000000,0.000000,ESJ0035,14-3-1 18:20:10,1393669210000,ESJ0769,1,0,12,51.0
01,,BD5828,B6374,B6374,2,0,113.843834,22.719624,0.000000,14-3-1 18:21:45,1393669305000,8.000000,110.000000,8.000000,0.000000,ESJ0769,14-3-1 18:21:45,1393669305000,ESJ0038,1,0,14,85.0
02,,BD5828,B6374,B6374,2,0,113.843834,22.719624,0.000000,14-3-1 18:21:45,1393669305000,8.000000,110.000000,8.000000,0.000000,ESJ0035,14-3-1 18:21:45,1393669305000,ESJ0769,1,0,14,85.0
02,,BD5828,B6374,B6374,2,0,113.843834,22.719624,0.000000,14-3-1 18:21:45,1393669305000,8.000000,110.000000,8.000000,0.000000,ESJ0769,14-3-1 18:21:45,1393669305000,ESJ0038,1,0,14,85.0
00,,BD5828,B6374,B6374,2,0,113.844849,22.718887,0.000000,14-3-1 18:22:15,1393669335000,21.000000,126.000000,21.000000,0.000000,1,14,14,49.0
00,,BD5828,B6374,B6374,2,0,113.845673,22.718266,0.000000,14-3-1 18:22:35,1393669355000,20.000000,122.000000,20.000000,0.000000,1,0,14,158.0
00,,BD5828,B6374,B6374,2,0,113.846191,22.717939,0.000000,14-3-1 18:22:45,1393669365000,21.000000,120.000000,21.000000,0.000000,1,0,14,222.0
00,,BD5828,B6374,B6374,2,0,113.846725,22.717592,0.000000,14-3-1 18:22:55,1393669375000,21.000000,125.000000,21.000000,0.000000,1,0,14,289.0
