00,,BD5835,B6364,B6364,2,0,113.788216,22.697165,0.000000,14-3-1 14:50:42,1393656642000,14.000000,195.000000,14.000000,0.000000,2,1,1,7.0
00,,BD5835,B6364,B6364,2,0,113.788010,22.696501,0.000000,14-3-1 14:50:52,1393656652000,24.000000,199.000000,24.000000,0.000000,2,0,1,75.0
00,,BD5835,B6364,B6364,2,0,113.787773,22.695604,0.000000,14-3-1 14:51:2,1393656662000,33.000000,189.000000,33.000000,0.000000,2,2,2,47.0
00,,BD5835,B6364,B6364,2,0,113.787712,22.694746,0.000000,14-3-1 14:51:32,1393656692000,17.000000,180.000000,17.000000,0.000000,2,0,2,49.0
00,,BD5835,B6364,B6364,2,0,113.787727,22.694176,0.000000,14-3-1 14:51:42,1393656702000,27.000000,192.000000,27.000000,0.000000,2,0,2,112.0
00,,BD5835,B6364,B6364,2,0,113.787697,22.693481,0.000000,14-3-1 14:51:52,1393656712000,27.000000,187.000000,27.000000,0.000000,2,0,3,130.0
00,,BD5835,B6364,B6364,2,0,113.787857,22.691755,0.000000,14-3-1 14:52:41,1393656761000,23.000000,167.000000,23.000000,0.000000,2,3,3,63.0
00,,BD5835,B6364,B6364,2,0,113.787842,22.691259,0.000000,14-3-1 14:53:11,1393656791000,22.000000,178.000000,22.000000,0.000000,2,0,4,76.0
01,,BD5835,B6364,B6364,2,0,113.787827,22.690544,0.000000,14-3-1 14:53:21,1393656801000,25.000000,179.000000,25.000000,0.000000,EFY0244,14-3-1 14:53:21,1393656801000,EFY0535,2,4,4,5.0
02,,BD5835,B6364,B6364,2,0,113.787857,22.690006,0.000000,14-3-1 14:53:51,1393656831000,23.000000,176.000000,23.000000,0.000000,EFY0244,14-3-1 14:53:51,1393656831000,EFY0535,2,0,4,64.0
01,,BD5835,B6364,B6364,2,0,113.787895,22.688366,0.000000,14-3-1 14:54:11,1393656851000,32.000000,181.000000,32.000000,0.000000,EFY0535,14-3-1 14:54:11,1393656851000,EFY0037,2,5,5,44.0
02,,BD5835,B6364,B6364,2,0,113.787910,22.687059,0.000000,14-3-1 14:54:31,1393656871000,32.000000,184.000000,32.000000,0.000000,EFY0535,14-3-1 14:54:31,1393656871000,EFY0037,2,0,5,102.0
00,,BD5835,B6364,B6364,2,0,113.788017,22.686007,0.000000,14-3-1 14:55:27,1393656927000,18.000000,143.000000,18.000000,0.000000,2,0,5,219.0
00,,BD5835,B6364,B6364,2,0,113.789032,22.686035,0.000000,14-3-1 14:55:42,1393656942000,28.000000,88.000000,28.000000,0.000000,2,0,6,131.0
01,,BD5835,B6364,B6364,2,0,113.789833,22.686052,0.000000,14-3-1 14:55:52,1393656952000,29.000000,90.000000,29.000000,0.000000,EFY0037,14-3-1 14:55:52,1393656952000,EFY0267,2,0,6,49.0
02,,BD5835,B6364,B6364,2,0,113.790703,22.686071,0.000000,14-3-1 14:56:2,1393656962000,37.000000,88.000000,37.000000,0.000000,EFY0037,14-3-1 14:56:2,1393656962000,EFY0267,2,6,6,41.0
00,,BD5835,B6364,B6364,2,0,113.792252,22.685892,0.000000,14-3-1 14:56:22,1393656982000,16.000000,139.000000,16.000000,0.000000,2,0,6,200.0
01,,BD5835,B6364,B6364,2,0,113.792320,22.684992,0.000000,14-3-1 14:56:37,1393656997000,26.000000,177.000000,26.000000,0.000000,EFY0267,14-3-1 14:56:37,1393656997000,EFY0268,2,0,7,149.0
01,,BD5835,B6364,B6364,2,0,113.792320,22.684256,0.000000,14-3-1 14:56:47,1393657007000,31.000000,181.000000,31.000000,0.000000,EFY0268,14-3-1 14:56:47,1393657007000,EFY0598,2,7,7,68.0
02,,BD5835,B6364,B6364,2,0,113.792320,22.684256,0.000000,14-3-1 14:56:47,1393657007000,31.000000,181.000000,31.000000,0.000000,EFY0267,14-3-1 14:56:47,1393657007000,EFY0268,2,0,7,68.0
02,,BD5835,B6364,B6364,2,0,113.792320,22.682808,0.000000,14-3-1 14:57:7,1393657027000,24.000000,182.000000,24.000000,0.000000,EFY0268,14-3-1 14:57:7,1393657027000,EFY0598,2,0,7,94.0
00,,BD5835,B6364,B6364,2,0,113.792450,22.681408,0.000000,14-3-1 14:57:27,1393657047000,27.000000,177.000000,27.000000,0.000000,2,0,8,235.0
00,,BD5835,B6364,B6364,2,0,113.792465,22.680668,0.000000,14-3-1 14:57:37,1393657057000,30.000000,177.000000,30.000000,0.000000,2,0,8,153.0
01,,BD5835,B6364,B6364,2,0,113.792511,22.679842,0.000000,14-3-1 14:57:47,1393657067000,30.000000,178.000000,30.000000,0.000000,EFY0598,14-3-1 14:57:47,1393657067000,EFY0208,2,8,8,62.0
01,,BD5835,B6364,B6364,2,0,113.792534,22.678408,0.000000,14-3-1 14:58:7,1393657087000,23.000000,180.000000,23.000000,0.000000,EFY0208,14-3-1 14:58:7,1393657087000,EFY0209,2,9,9,83.0
02,,BD5835,B6364,B6364,2,0,113.792534,22.678408,0.000000,14-3-1 14:58:7,1393657087000,23.000000,180.000000,23.000000,0.000000,EFY0598,14-3-1 14:58:7,1393657087000,EFY0208,2,0,9,83.0
02,,BD5835,B6364,B6364,2,0,113.791115,22.678026,0.000000,14-3-1 14:58:32,1393657112000,27.000000,268.000000,27.000000,0.000000,EFY0208,14-3-1 14:58:32,1393657112000,EFY0209,2,0,8,192.0
00,,BD5835,B6364,B6364,2,0,113.789352,22.678001,0.000000,14-3-1 14:58:52,1393657132000,26.000000,267.000000,26.000000,0.000000,2,0,8,342.0
00,,BD5835,B6364,B6364,2,0,113.789047,22.677876,0.000000,14-3-1 14:59:12,1393657152000,11.000000,146.000000,11.000000,0.000000,2,0,8,377.0
00,,BD5835,B6364,B6364,2,0,113.789566,22.677856,0.000000,14-3-1 14:59:22,1393657162000,21.000000,104.000000,21.000000,0.000000,2,0,8,330.0
00,,BD5835,B6364,B6364,2,0,113.790497,22.677893,0.000000,14-3-1 14:59:32,1393657172000,31.000000,89.000000,31.000000,0.000000,2,0,8,248.0
00,,BD5835,B6364,B6364,2,0,113.791504,22.677921,0.000000,14-3-1 14:59:42,1393657182000,39.000000,90.000000,39.000000,0.000000,2,0,9,169.0
00,,BD5835,B6364,B6364,2,0,113.792641,22.677916,0.000000,14-3-1 14:59:52,1393657192000,45.000000,92.000000,45.000000,0.000000,2,0,9,52.0
00,,BD5835,B6364,B6364,2,0,113.793472,22.677912,0.000000,14-3-1 15:0:2,1393657202000,13.000000,90.000000,13.000000,0.000000,2,9,9,33.0
00,,BD5835,B6364,B6364,2,0,113.794106,22.677977,0.000000,14-3-1 15:0:32,1393657232000,23.000000,87.000000,23.000000,0.000000,2,0,9,99.0
00,,BD5835,B6364,B6364,2,0,113.794754,22.678001,0.000000,14-3-1 15:0:42,1393657242000,24.000000,84.000000,24.000000,0.000000,2,0,9,165.0
00,,BD5835,B6364,B6364,2,0,113.795509,22.678017,0.000000,14-3-1 15:0:52,1393657252000,26.000000,90.000000,26.000000,0.000000,2,0,10,201.0
00,,BD5835,B6364,B6364,2,0,113.795860,22.677996,0.000000,14-3-1 15:1:2,1393657262000,12.000000,96.000000,12.000000,0.000000,2,0,10,165.0
00,,BD5835,B6364,B6364,2,0,113.796257,22.677977,0.000000,14-3-1 15:1:12,1393657272000,19.000000,90.000000,19.000000,0.000000,2,0,10,124.0
00,,BD5835,B6364,B6364,2,0,113.796867,22.677996,0.000000,14-3-1 15:1:22,1393657282000,24.000000,89.000000,24.000000,0.000000,2,0,10,64.0
01,,BD5835,B6364,B6364,2,0,113.797592,22.677977,0.000000,14-3-1 15:1:32,1393657292000,27.000000,95.000000,27.000000,0.000000,EFY0209,14-3-1 15:1:32,1393657292000,EFY0210,2,10,10,23.0
02,,BD5835,B6364,B6364,2,0,113.798271,22.678043,0.000000,14-3-1 15:1:42,1393657302000,27.000000,87.000000,27.000000,0.000000,EFY0209,14-3-1 15:1:42,1393657302000,EFY0210,2,0,10,87.0
00,,BD5835,B6364,B6364,2,0,113.799431,22.678053,0.000000,14-3-1 15:2:2,1393657322000,19.000000,96.000000,19.000000,0.000000,2,0,10,204.0
00,,BD5835,B6364,B6364,2,0,113.799889,22.678043,0.000000,14-3-1 15:2:12,1393657332000,17.000000,88.000000,17.000000,0.000000,2,0,10,251.0
00,,BD5835,B6364,B6364,2,0,113.800377,22.678061,0.000000,14-3-1 15:2:22,1393657342000,20.000000,86.000000,20.000000,0.000000,2,0,10,301.0
00,,BD5835,B6364,B6364,2,0,113.800850,22.678080,0.000000,14-3-1 15:2:32,1393657352000,22.000000,82.000000,22.000000,0.000000,2,0,11,339.0
00,,BD5835,B6364,B6364,2,0,113.801582,22.678144,0.000000,14-3-1 15:2:42,1393657362000,30.000000,83.000000,30.000000,0.000000,2,0,11,263.0
00,,BD5835,B6364,B6364,2,0,113.802368,22.678242,0.000000,14-3-1 15:2:52,1393657372000,27.000000,80.000000,27.000000,0.000000,2,0,11,182.0
00,,BD5835,B6364,B6364,2,0,113.802940,22.678320,0.000000,14-3-1 15:3:2,1393657382000,20.000000,83.000000,20.000000,0.000000,2,0,11,123.0
00,,BD5835,B6364,B6364,2,0,113.803612,22.678408,0.000000,14-3-1 15:3:12,1393657392000,23.000000,84.000000,23.000000,0.000000,2,0,11,55.0
00,,BD5835,B6364,B6364,2,0,113.804573,22.678442,0.000000,14-3-1 15:3:52,1393657432000,16.000000,78.000000,16.000000,0.000000,2,11,11,46.0
01,,BD5835,B6364,B6364,2,0,113.805069,22.678495,0.000000,14-3-1 15:4:2,1393657442000,20.000000,82.000000,20.000000,0.000000,EFY0210,14-3-1 15:4:2,1393657442000,EFY0191,2,0,11,97.0
02,,BD5835,B6364,B6364,2,0,113.806412,22.678696,0.000000,14-3-1 15:4:22,1393657462000,25.000000,80.000000,25.000000,0.000000,EFY0210,14-3-1 15:4:22,1393657462000,EFY0191,2,0,11,237.0
00,,BD5835,B6364,B6364,2,0,113.807327,22.678816,0.000000,14-3-1 15:4:52,1393657492000,14.000000,83.000000,14.000000,0.000000,2,0,12,181.0
00,,BD5835,B6364,B6364,2,0,113.807755,22.678892,0.000000,14-3-1 15:6:47,1393657607000,17.000000,81.000000,17.000000,0.000000,2,0,12,136.0
00,,BD5835,B6364,B6364,2,0,113.808334,22.678976,0.000000,14-3-1 15:6:57,1393657617000,27.000000,80.000000,27.000000,0.000000,2,0,12,77.0
01,,BD5835,B6364,B6364,2,0,113.809105,22.679041,0.000000,14-3-1 15:7:7,1393657627000,29.000000,87.000000,29.000000,0.000000,EFY0191,14-3-1 15:7:7,1393657627000,EFY0192,2,12,12,9.0
02,,BD5835,B6364,B6364,2,0,113.809769,22.679071,0.000000,14-3-1 15:7:17,1393657637000,16.000000,87.000000,16.000000,0.000000,EFY0191,14-3-1 15:7:17,1393657637000,EFY0192,2,0,12,72.0
00,,BD5835,B6364,B6364,2,0,113.812065,22.679253,0.000000,14-3-1 15:7:47,1393657667000,27.000000,86.000000,27.000000,0.000000,2,0,13,275.0
00,,BD5835,B6364,B6364,2,0,113.812790,22.679182,0.000000,14-3-1 15:7:57,1393657677000,27.000000,117.000000,27.000000,0.000000,2,0,13,219.0
00,,BD5835,B6364,B6364,2,0,113.813393,22.678736,0.000000,14-3-1 15:8:7,1393657687000,28.000000,125.000000,28.000000,0.000000,2,0,13,144.0
01,,BD5835,B6364,B6364,2,0,113.813736,22.678335,0.000000,14-3-1 15:8:17,1393657697000,16.000000,144.000000,16.000000,0.000000,EFY0192,14-3-1 15:8:17,1393657697000,EFY0193,2,0,13,89.0
02,,BD5835,B6364,B6364,2,0,113.814499,22.677305,0.000000,14-3-1 15:8:37,1393657717000,34.000000,136.000000,34.000000,0.000000,EFY0192,14-3-1 15:8:37,1393657717000,EFY0193,2,13,13,56.0
00,,BD5835,B6364,B6364,2,0,113.815445,22.675968,0.000000,14-3-1 15:8:57,1393657737000,20.000000,135.000000,20.000000,0.000000,2,0,14,93.0
01,,BD5835,B6364,B6364,2,0,113.816177,22.675304,0.000000,14-3-1 15:9:27,1393657767000,23.000000,119.000000,23.000000,0.000000,EFY0193,14-3-1 15:9:27,1393657767000,EFY0194,2,14,14,30.0
01,,BD5835,B6364,B6364,2,0,113.816551,22.674402,0.000000,14-3-1 15:10:27,1393657827000,16.000000,141.000000,16.000000,0.000000,EFY0194,14-3-1 15:10:27,1393657827000,EFY0060,2,0,15,27.0
02,,BD5835,B6364,B6364,2,0,113.816551,22.674402,0.000000,14-3-1 15:10:27,1393657827000,16.000000,141.000000,16.000000,0.000000,EFY0193,14-3-1 15:10:27,1393657827000,EFY0194,2,0,15,27.0
00,,BD5835,B6364,B6364,2,0,113.816788,22.674162,0.000000,14-3-1 15:10:37,1393657837000,11.000000,123.000000,11.000000,0.000000,2,15,15,10.0
00,,BD5835,B6364,B6364,2,0,113.817024,22.673956,0.000000,14-3-1 15:10:47,1393657847000,21.000000,140.000000,21.000000,0.000000,2,0,15,43.0
02,,BD5835,B6364,B6364,2,0,113.817513,22.673452,0.000000,14-3-1 15:13:12,1393657992000,16.000000,144.000000,16.000000,0.000000,EFY0194,14-3-1 15:13:12,1393657992000,EFY0060,2,0,15,118.0
00,,BD5835,B6364,B6364,2,0,113.818687,22.673965,0.000000,14-3-1 15:13:32,1393658012000,34.000000,56.000000,34.000000,0.000000,2,0,15,204.0
00,,BD5835,B6364,B6364,2,0,113.819290,22.674316,0.000000,14-3-1 15:13:52,1393658032000,9.000000,63.000000,9.000000,0.000000,2,0,16,133.0
01,,BD5835,B6364,B6364,2,0,113.819992,22.674892,0.000000,14-3-1 15:15:22,1393658122000,9.000000,45.000000,9.000000,0.000000,EFY0060,14-3-1 15:15:22,1393658122000,EFY0097,2,0,16,39.0
00,,BD5835,B6364,B6364,2,0,113.820450,22.675093,0.000000,14-3-1 15:15:52,1393658152000,13.000000,51.000000,13.000000,0.000000,2,16,16,15.0
02,,BD5835,B6364,B6364,2,0,113.821014,22.675549,0.000000,14-3-1 15:18:42,1393658322000,13.000000,49.000000,13.000000,0.000000,EFY0060,14-3-1 15:18:42,1393658322000,EFY0097,2,0,16,92.0
01,,BD5835,B6364,B6364,2,0,113.821777,22.676004,0.000000,14-3-1 15:19:42,1393658382000,6.000000,60.000000,6.000000,0.000000,EFY0097,14-3-1 15:19:42,1393658382000,2,0,17,70.0
00,,BD5835,B6364,B6364,2,0,113.822235,22.676336,0.000000,14-3-1 15:21:32,1393658492000,11.000000,39.000000,11.000000,0.000000,2,17,17,10.0
