00,,BD5725,B6364,B6364,2,0,113.788330,22.697144,0.000000,14-3-1 18:51:45,1393671105000,14.000000,183.000000,14.000000,0.000000,2,1,1,6.0
00,,BD5725,B6364,B6364,2,0,113.788139,22.696695,0.000000,14-3-1 18:51:55,1393671115000,23.000000,200.000000,23.000000,0.000000,2,0,1,51.0
00,,BD5725,B6364,B6364,2,0,113.787933,22.696136,0.000000,14-3-1 18:52:5,1393671125000,24.000000,194.000000,24.000000,0.000000,2,0,2,107.0
00,,BD5725,B6364,B6364,2,0,113.787857,22.695597,0.000000,14-3-1 18:52:15,1393671135000,22.000000,189.000000,22.000000,0.000000,2,0,2,47.0
00,,BD5725,B6364,B6364,2,0,113.787773,22.695152,0.000000,14-3-1 18:52:25,1393671145000,11.000000,184.000000,11.000000,0.000000,2,2,2,4.0
00,,BD5725,B6364,B6364,2,0,113.787842,22.690422,0.000000,14-3-1 18:54:51,1393671291000,20.000000,177.000000,20.000000,0.000000,2,4,4,18.0
00,,BD5725,B6364,B6364,2,0,113.787857,22.689888,0.000000,14-3-1 18:55:1,1393671301000,22.000000,177.000000,22.000000,0.000000,2,0,4,77.0
00,,BD5725,B6364,B6364,2,0,113.787857,22.689285,0.000000,14-3-1 18:55:11,1393671311000,24.000000,180.000000,24.000000,0.000000,2,0,4,144.0
01,,BD5725,B6364,B6364,2,0,113.787872,22.688688,0.000000,14-3-1 18:55:21,1393671321000,22.000000,179.000000,22.000000,0.000000,EFY0535,14-3-1 18:55:21,1393671321000,EFY0037,2,0,5,80.0
00,,BD5725,B6364,B6364,2,0,113.787918,22.687862,0.000000,14-3-1 18:55:41,1393671341000,17.000000,175.000000,17.000000,0.000000,2,5,5,13.0
02,,BD5725,B6364,B6364,2,0,113.787918,22.687260,0.000000,14-3-1 18:55:51,1393671351000,27.000000,179.000000,27.000000,0.000000,EFY0535,14-3-1 18:55:51,1393671351000,EFY0037,2,0,5,79.0
01,,BD5725,B6364,B6364,2,0,113.793503,22.678043,0.000000,14-3-1 19:2:29,1393671749000,0.000000,85.000000,0.000000,0.000000,EFY0208,14-3-1 19:2:29,1393671749000,EFY0209,2,9,9,39.0
02,,BD5725,B6364,B6364,2,0,113.793991,22.678022,0.000000,14-3-1 19:2:59,1393671779000,10.000000,83.000000,10.000000,0.000000,EFY0208,14-3-1 19:2:59,1393671779000,EFY0209,2,0,9,87.0
01,,BD5725,B6364,B6364,2,0,113.797234,22.677986,0.000000,14-3-1 19:4:51,1393671891000,20.000000,90.000000,20.000000,0.000000,EFY0209,14-3-1 19:4:51,1393671891000,EFY0210,2,10,10,30.0
02,,BD5725,B6364,B6364,2,0,113.798569,22.678020,0.000000,14-3-1 19:5:11,1393671911000,25.000000,87.000000,25.000000,0.000000,EFY0209,14-3-1 19:5:11,1393671911000,EFY0210,2,0,10,116.0
00,,BD5725,B6364,B6364,2,0,113.799202,22.678020,0.000000,14-3-1 19:5:21,1393671921000,26.000000,89.000000,26.000000,0.000000,2,0,10,181.0
00,,BD5725,B6364,B6364,2,0,113.813850,22.678053,0.000000,14-3-1 19:9:7,1393672147000,14.000000,140.000000,14.000000,0.000000,2,13,13,55.0
00,,BD5725,B6364,B6364,2,0,113.816994,22.673843,0.000000,14-3-1 19:11:31,1393672291000,24.000000,145.000000,24.000000,0.000000,2,15,15,51.0
00,,BD5725,B6364,B6364,2,0,113.820938,22.675423,0.000000,14-3-1 19:14:35,1393672475000,27.000000,58.000000,27.000000,0.000000,2,16,16,77.0
01,,BD5725,B6364,B6364,2,0,113.821777,22.675980,0.000000,14-3-1 19:14:45,1393672485000,34.000000,53.000000,34.000000,0.000000,EFY0097,14-3-1 19:14:45,1393672485000,2,0,17,71.0
00,,BD5725,B6364,B6364,2,0,113.822342,22.676435,0.000000,14-3-1 19:15:35,1393672535000,7.000000,58.000000,7.000000,0.000000,2,17,17,8.0
