00,,BD7670,B6364,B6364,2,0,113.788467,22.696842,0.000000,14-3-1 10:9:53,1393639793000,15.000000,56.000000,15.000000,0.000000,2,1,1,38.0
00,,BD7670,B6364,B6364,2,0,113.792305,22.685148,0.000000,14-3-1 10:19:23,1393640363000,36.000000,178.000000,36.000000,0.000000,2,0,7,167.0
00,,BD7670,B6364,B6364,2,0,113.792320,22.684116,0.000000,14-3-1 10:19:33,1393640373000,42.000000,178.000000,42.000000,0.000000,2,7,7,52.0
00,,BD7670,B6364,B6364,2,0,113.792343,22.683104,0.000000,14-3-1 10:19:43,1393640383000,39.000000,178.000000,39.000000,0.000000,2,0,7,61.0
00,,BD7670,B6364,B6364,2,0,113.792381,22.682079,0.000000,14-3-1 10:19:53,1393640393000,43.000000,178.000000,43.000000,0.000000,2,0,7,175.0
00,,BD7670,B6364,B6364,2,0,113.792419,22.680984,0.000000,14-3-1 10:20:3,1393640403000,42.000000,176.000000,42.000000,0.000000,2,0,8,188.0
01,,BD7670,B6364,B6364,2,0,113.792435,22.679842,0.000000,14-3-1 10:20:13,1393640413000,42.000000,178.000000,42.000000,0.000000,EFY0598,14-3-1 10:20:13,1393640413000,EFY0208,2,8,8,61.0
01,,BD7670,B6364,B6364,2,0,113.792366,22.678171,0.000000,14-3-1 10:20:33,1393640433000,21.000000,221.000000,21.000000,0.000000,EFY0208,14-3-1 10:20:33,1393640433000,EFY0209,2,9,9,85.0
02,,BD7670,B6364,B6364,2,0,113.792366,22.678171,0.000000,14-3-1 10:20:33,1393640433000,21.000000,221.000000,21.000000,0.000000,EFY0598,14-3-1 10:20:33,1393640433000,EFY0208,2,0,9,85.0
02,,BD7670,B6364,B6364,2,0,113.789955,22.678017,0.000000,14-3-1 10:20:58,1393640458000,34.000000,269.000000,34.000000,0.000000,EFY0208,14-3-1 10:20:58,1393640458000,EFY0209,2,0,8,287.0
00,,BD7670,B6364,B6364,2,0,113.790108,22.677893,0.000000,14-3-1 10:21:48,1393640508000,28.000000,88.000000,28.000000,0.000000,2,0,8,281.0
00,,BD7670,B6364,B6364,2,0,113.791245,22.677908,0.000000,14-3-1 10:21:58,1393640518000,38.000000,90.000000,38.000000,0.000000,2,0,8,193.0
00,,BD7670,B6364,B6364,2,0,113.792366,22.677921,0.000000,14-3-1 10:22:8,1393640528000,39.000000,89.000000,39.000000,0.000000,2,0,9,80.0
00,,BD7670,B6364,B6364,2,0,113.793221,22.677889,0.000000,14-3-1 10:22:18,1393640538000,14.000000,94.000000,14.000000,0.000000,2,9,9,9.0
00,,BD7670,B6364,B6364,2,0,113.793884,22.677929,0.000000,14-3-1 10:22:38,1393640558000,24.000000,83.000000,24.000000,0.000000,2,0,9,76.0
00,,BD7670,B6364,B6364,2,0,113.794792,22.677986,0.000000,14-3-1 10:22:48,1393640568000,34.000000,87.000000,34.000000,0.000000,2,0,9,169.0
00,,BD7670,B6364,B6364,2,0,113.795593,22.677982,0.000000,14-3-1 10:22:58,1393640578000,23.000000,90.000000,23.000000,0.000000,2,0,10,192.0
00,,BD7670,B6364,B6364,2,0,113.796242,22.677982,0.000000,14-3-1 10:23:8,1393640588000,21.000000,91.000000,21.000000,0.000000,2,0,10,126.0
00,,BD7670,B6364,B6364,2,0,113.796959,22.677982,0.000000,14-3-1 10:24:48,1393640688000,21.000000,88.000000,21.000000,0.000000,2,0,10,54.0
01,,BD7670,B6364,B6364,2,0,113.797592,22.677996,0.000000,14-3-1 10:24:58,1393640698000,22.000000,86.000000,22.000000,0.000000,EFY0209,14-3-1 10:24:58,1393640698000,EFY0210,2,10,10,24.0
02,,BD7670,B6364,B6364,2,0,113.798454,22.678005,0.000000,14-3-1 10:25:8,1393640708000,32.000000,88.000000,32.000000,0.000000,EFY0209,14-3-1 10:25:8,1393640708000,EFY0210,2,0,10,105.0
00,,BD7670,B6364,B6364,2,0,113.800232,22.678005,0.000000,14-3-1 10:25:38,1393640738000,13.000000,87.000000,13.000000,0.000000,2,0,10,286.0
00,,BD7670,B6364,B6364,2,0,113.800583,22.678020,0.000000,14-3-1 10:25:48,1393640748000,15.000000,88.000000,15.000000,0.000000,2,0,10,322.0
00,,BD7670,B6364,B6364,2,0,113.801071,22.678064,0.000000,14-3-1 10:25:58,1393640758000,20.000000,83.000000,20.000000,0.000000,2,0,11,316.0
00,,BD7670,B6364,B6364,2,0,113.801544,22.678120,0.000000,14-3-1 10:26:8,1393640768000,22.000000,82.000000,22.000000,0.000000,2,0,11,268.0
00,,BD7670,B6364,B6364,2,0,113.802376,22.678242,0.000000,14-3-1 10:26:18,1393640778000,32.000000,82.000000,32.000000,0.000000,2,0,11,181.0
00,,BD7670,B6364,B6364,2,0,113.803406,22.678335,0.000000,14-3-1 10:26:28,1393640788000,34.000000,82.000000,34.000000,0.000000,2,0,11,75.0
00,,BD7670,B6364,B6364,2,0,113.804085,22.678411,0.000000,14-3-1 10:26:38,1393640798000,16.000000,82.000000,16.000000,0.000000,2,11,11,11.0
00,,BD7670,B6364,B6364,2,0,113.804482,22.678486,0.000000,14-3-1 10:26:48,1393640808000,22.000000,80.000000,22.000000,0.000000,2,0,11,39.0
01,,BD7670,B6364,B6364,2,0,113.805176,22.678596,0.000000,14-3-1 10:26:58,1393640818000,30.000000,81.000000,30.000000,0.000000,EFY0210,14-3-1 10:26:58,1393640818000,EFY0191,2,0,11,111.0
02,,BD7670,B6364,B6364,2,0,113.806656,22.678757,0.000000,14-3-1 10:27:18,1393640838000,27.000000,84.000000,27.000000,0.000000,EFY0210,14-3-1 10:27:18,1393640838000,EFY0191,2,0,12,250.0
01,,BD7670,B6364,B6364,2,0,113.809166,22.679024,0.000000,14-3-1 10:28:28,1393640908000,34.000000,88.000000,34.000000,0.000000,EFY0191,14-3-1 10:28:28,1393640908000,EFY0192,2,12,12,11.0
02,,BD7670,B6364,B6364,2,0,113.810104,22.679085,0.000000,14-3-1 10:28:38,1393640918000,40.000000,83.000000,40.000000,0.000000,EFY0191,14-3-1 10:28:38,1393640918000,EFY0192,2,0,12,106.0
00,,BD7670,B6364,B6364,2,0,113.812515,22.679235,0.000000,14-3-1 10:28:58,1393640938000,38.000000,93.000000,38.000000,0.000000,2,0,13,241.0
00,,BD7670,B6364,B6364,2,0,113.813011,22.679092,0.000000,14-3-1 10:29:3,1393640943000,35.000000,123.000000,35.000000,0.000000,2,0,13,198.0
00,,BD7670,B6364,B6364,2,0,113.813530,22.678482,0.000000,14-3-1 10:29:13,1393640953000,31.000000,142.000000,31.000000,0.000000,2,0,13,113.0
01,,BD7670,B6364,B6364,2,0,113.814026,22.677807,0.000000,14-3-1 10:29:23,1393640963000,35.000000,145.000000,35.000000,0.000000,EFY0192,14-3-1 10:29:23,1393640963000,EFY0193,2,13,13,24.0
02,,BD7670,B6364,B6364,2,0,113.814743,22.676916,0.000000,14-3-1 10:29:33,1393640973000,45.000000,146.000000,45.000000,0.000000,EFY0192,14-3-1 10:29:33,1393640973000,EFY0193,2,0,13,104.0
01,,BD7670,B6364,B6364,2,0,113.815865,22.675508,0.000000,14-3-1 10:29:53,1393640993000,15.000000,148.000000,15.000000,0.000000,EFY0193,14-3-1 10:29:53,1393640993000,EFY0194,2,0,14,30.0
00,,BD7670,B6364,B6364,2,0,113.816032,22.675121,0.000000,14-3-1 10:30:43,1393641043000,13.000000,143.000000,13.000000,0.000000,2,14,14,20.0
01,,BD7670,B6364,B6364,2,0,113.816376,22.674671,0.000000,14-3-1 10:30:53,1393641053000,23.000000,146.000000,23.000000,0.000000,EFY0194,14-3-1 10:30:53,1393641053000,EFY0060,2,0,15,61.0
02,,BD7670,B6364,B6364,2,0,113.816376,22.674671,0.000000,14-3-1 10:30:53,1393641053000,23.000000,146.000000,23.000000,0.000000,EFY0193,14-3-1 10:30:53,1393641053000,EFY0194,2,0,15,61.0
00,,BD7670,B6364,B6364,2,0,113.817024,22.673880,0.000000,14-3-1 10:31:13,1393641073000,21.000000,143.000000,21.000000,0.000000,2,15,15,49.0
02,,BD7670,B6364,B6364,2,0,113.817627,22.673311,0.000000,14-3-1 10:31:53,1393641113000,22.000000,92.000000,22.000000,0.000000,EFY0194,14-3-1 10:31:53,1393641113000,EFY0060,2,0,15,138.0
00,,BD7670,B6364,B6364,2,0,113.819527,22.674564,0.000000,14-3-1 10:32:18,1393641138000,29.000000,57.000000,29.000000,0.000000,2,0,16,97.0
01,,BD7670,B6364,B6364,2,0,113.820168,22.674952,0.000000,14-3-1 10:32:38,1393641158000,9.000000,52.000000,9.000000,0.000000,EFY0060,14-3-1 10:32:38,1393641158000,EFY0097,2,16,16,19.0
00,,BD7670,B6364,B6364,2,0,113.820641,22.675253,0.000000,14-3-1 10:34:8,1393641248000,16.000000,56.000000,16.000000,0.000000,2,0,16,41.0
02,,BD7670,B6364,B6364,2,0,113.821289,22.675716,0.000000,14-3-1 10:35:38,1393641338000,10.000000,53.000000,10.000000,0.000000,EFY0060,14-3-1 10:35:38,1393641338000,EFY0097,2,0,16,125.0
00,,BD7670,B6364,B6364,2,0,113.821571,22.675901,0.000000,14-3-1 10:36:18,1393641378000,11.000000,47.000000,11.000000,0.000000,2,0,17,94.0
01,,BD7670,B6364,B6364,2,0,113.822075,22.675936,0.000000,14-3-1 10:37:33,1393641453000,13.000000,24.000000,13.000000,0.000000,EFY0097,14-3-1 10:37:33,1393641453000,2,0,17,55.0
00,,BD7670,B6364,B6364,2,0,113.822403,22.676392,0.000000,14-3-1 10:38:33,1393641513000,12.000000,56.000000,12.000000,0.000000,2,17,17,8.0
