00,,BD5725,B6364,B6364,2,0,113.816193,22.674980,0.000000,14-3-1 7:29:54,1393630194000,24.000000,143.000000,24.000000,0.000000,2,14,14,43.0
00,,BD5725,B6364,B6364,2,0,113.817581,22.673376,0.000000,14-3-1 7:32:4,1393630324000,13.000000,140.000000,13.000000,0.000000,2,15,15,129.0
00,,BD5725,B6364,B6364,2,0,113.818390,22.673733,0.000000,14-3-1 7:32:19,1393630339000,23.000000,55.000000,23.000000,0.000000,2,0,15,180.0
00,,BD5725,B6364,B6364,2,0,113.819122,22.674171,0.000000,14-3-1 7:32:29,1393630349000,33.000000,60.000000,33.000000,0.000000,2,0,16,156.0
00,,BD5725,B6364,B6364,2,0,113.819870,22.674665,0.000000,14-3-1 7:32:39,1393630359000,32.000000,54.000000,32.000000,0.000000,2,0,16,62.0
01,,BD5725,B6364,B6364,2,0,113.820465,22.675024,0.000000,14-3-1 7:32:49,1393630369000,18.000000,60.000000,18.000000,0.000000,EFY0060,14-3-1 7:32:49,1393630369000,EFY0097,2,16,16,12.0
00,,BD5725,B6364,B6364,2,0,113.820831,22.675283,0.000000,14-3-1 7:33:9,1393630389000,18.000000,55.000000,18.000000,0.000000,2,0,16,59.0
02,,BD5725,B6364,B6364,2,0,113.821449,22.675768,0.000000,14-3-1 7:33:19,1393630399000,28.000000,52.000000,28.000000,0.000000,EFY0060,14-3-1 7:33:19,1393630399000,EFY0097,2,0,17,112.0
01,,BD5725,B6364,B6364,2,0,113.822151,22.676212,0.000000,14-3-1 7:33:29,1393630409000,22.000000,49.000000,22.000000,0.000000,EFY0097,14-3-1 7:33:29,1393630409000,2,0,17,25.0
00,,BD5725,B6364,B6364,2,0,113.822403,22.676342,0.000000,14-3-1 7:34:9,1393630449000,13.000000,64.000000,13.000000,0.000000,2,17,17,8.0
