00,,BD5961,B6364,B6364,2,0,113.800377,22.678005,0.000000,14-3-1 16:18:20,1393661900000,0.000000,81.000000,0.000000,0.000000,2,0,10,301.0
00,,BD5961,B6364,B6364,2,0,113.811455,22.679224,0.000000,14-3-1 16:18:30,1393661910000,10.000000,85.000000,10.000000,0.000000,2,0,12,245.0
00,,BD5961,B6364,B6364,2,0,113.812157,22.679253,0.000000,14-3-1 16:18:40,1393661920000,19.000000,84.000000,19.000000,0.000000,2,0,13,268.0
00,,BD5961,B6364,B6364,2,0,113.812820,22.679092,0.000000,14-3-1 16:18:50,1393661930000,29.000000,137.000000,29.000000,0.000000,2,0,13,209.0
00,,BD5961,B6364,B6364,2,0,113.813202,22.678556,0.000000,14-3-1 16:19:0,1393661940000,21.000000,152.000000,21.000000,0.000000,2,0,13,138.0
01,,BD5961,B6364,B6364,2,0,113.813675,22.677996,0.000000,14-3-1 16:19:10,1393661950000,24.000000,143.000000,24.000000,0.000000,EFY0192,14-3-1 16:19:10,1393661950000,EFY0193,2,13,13,59.0
02,,BD5961,B6364,B6364,2,0,113.814583,22.677046,0.000000,14-3-1 16:19:30,1393661970000,29.000000,137.000000,29.000000,0.000000,EFY0192,14-3-1 16:19:30,1393661970000,EFY0193,2,0,13,82.0
01,,BD5961,B6364,B6364,2,0,113.816048,22.674999,0.000000,14-3-1 16:20:47,1393662047000,13.000000,151.000000,13.000000,0.000000,EFY0193,14-3-1 16:20:47,1393662047000,EFY0194,2,14,14,32.0
01,,BD5961,B6364,B6364,2,0,113.816376,22.674780,0.000000,14-3-1 16:20:57,1393662057000,13.000000,130.000000,13.000000,0.000000,EFY0194,14-3-1 16:20:57,1393662057000,EFY0060,2,0,14,72.0
02,,BD5961,B6364,B6364,2,0,113.816376,22.674780,0.000000,14-3-1 16:20:57,1393662057000,13.000000,130.000000,13.000000,0.000000,EFY0193,14-3-1 16:20:57,1393662057000,EFY0194,2,0,14,72.0
00,,BD5961,B6364,B6364,2,0,113.816742,22.674343,0.000000,14-3-1 16:21:17,1393662077000,11.000000,148.000000,11.000000,0.000000,2,15,15,14.0
00,,BD5961,B6364,B6364,2,0,113.816940,22.674061,0.000000,14-3-1 16:21:27,1393662087000,13.000000,139.000000,13.000000,0.000000,2,0,15,29.0
02,,BD5961,B6364,B6364,2,0,113.817230,22.673681,0.000000,14-3-1 16:21:37,1393662097000,13.000000,145.000000,13.000000,0.000000,EFY0194,14-3-1 16:21:37,1393662097000,EFY0060,2,0,15,80.0
00,,BD5961,B6364,B6364,2,0,113.817543,22.673321,0.000000,14-3-1 16:24:12,1393662252000,19.000000,106.000000,19.000000,0.000000,2,0,15,131.0
00,,BD5961,B6364,B6364,2,0,113.817825,22.673431,0.000000,14-3-1 16:24:17,1393662257000,29.000000,58.000000,29.000000,0.000000,2,0,15,144.0
00,,BD5961,B6364,B6364,2,0,113.818581,22.673903,0.000000,14-3-1 16:24:27,1393662267000,25.000000,55.000000,25.000000,0.000000,2,0,15,195.0
00,,BD5961,B6364,B6364,2,0,113.819138,22.674276,0.000000,14-3-1 16:24:47,1393662287000,7.000000,47.000000,7.000000,0.000000,2,0,16,148.0
00,,BD5961,B6364,B6364,2,0,113.819702,22.674677,0.000000,14-3-1 16:25:37,1393662337000,10.000000,53.000000,10.000000,0.000000,2,0,16,76.0
01,,BD5961,B6364,B6364,2,0,113.820152,22.674936,0.000000,14-3-1 16:25:57,1393662357000,13.000000,46.000000,13.000000,0.000000,EFY0060,14-3-1 16:25:57,1393662357000,EFY0097,2,16,16,22.0
00,,BD5961,B6364,B6364,2,0,113.820755,22.675377,0.000000,14-3-1 16:27:31,1393662451000,19.000000,57.000000,19.000000,0.000000,2,0,16,59.0
02,,BD5961,B6364,B6364,2,0,113.821327,22.675812,0.000000,14-3-1 16:28:11,1393662491000,11.000000,68.000000,11.000000,0.000000,EFY0060,14-3-1 16:28:11,1393662491000,EFY0097,2,0,17,120.0
01,,BD5961,B6364,B6364,2,0,113.822136,22.676361,0.000000,14-3-1 16:29:46,1393662586000,15.000000,51.000000,15.000000,0.000000,EFY0097,14-3-1 16:29:46,1393662586000,2,17,17,20.0
