01,,BD5835,B6364,B6364,2,0,113.788284,22.696627,0.000000,14-3-1 13:34:27,1393652067000,11.000000,101.000000,11.000000,0.000000,EFY0253,14-3-1 13:34:27,1393652067000,2,1,1,56.0
00,,BD5835,B6364,B6364,2,0,113.787712,22.691259,0.000000,14-3-1 13:39:11,1393652351000,19.000000,179.000000,19.000000,0.000000,2,0,4,76.0
00,,BD5835,B6364,B6364,2,0,113.787727,22.690771,0.000000,14-3-1 13:39:20,1393652360000,20.000000,187.000000,20.000000,0.000000,2,4,4,23.0
00,,BD5835,B6364,B6364,2,0,113.787857,22.687489,0.000000,14-3-1 13:40:30,1393652430000,30.000000,178.000000,30.000000,0.000000,2,5,5,54.0
00,,BD5835,B6364,B6364,2,0,113.787895,22.686716,0.000000,14-3-1 13:40:40,1393652440000,28.000000,179.000000,28.000000,0.000000,2,0,5,140.0
00,,BD5835,B6364,B6364,2,0,113.787918,22.686176,0.000000,14-3-1 13:42:0,1393652520000,17.000000,181.000000,17.000000,0.000000,2,0,5,200.0
00,,BD5835,B6364,B6364,2,0,113.788193,22.686007,0.000000,14-3-1 13:42:7,1393652527000,27.000000,90.000000,27.000000,0.000000,2,0,6,217.0
00,,BD5835,B6364,B6364,2,0,113.789093,22.686052,0.000000,14-3-1 13:42:17,1393652537000,36.000000,86.000000,36.000000,0.000000,2,0,6,125.0
01,,BD5835,B6364,B6364,2,0,113.790009,22.686064,0.000000,14-3-1 13:42:27,1393652547000,29.000000,89.000000,29.000000,0.000000,EFY0037,14-3-1 13:42:27,1393652547000,EFY0267,2,6,6,31.0
02,,BD5835,B6364,B6364,2,0,113.790733,22.686081,0.000000,14-3-1 13:42:37,1393652557000,30.000000,87.000000,30.000000,0.000000,EFY0037,14-3-1 13:42:37,1393652557000,EFY0267,2,0,6,44.0
00,,BD5835,B6364,B6364,2,0,113.792252,22.685966,0.000000,14-3-1 13:42:57,1393652577000,16.000000,141.000000,16.000000,0.000000,2,0,6,200.0
01,,BD5835,B6364,B6364,2,0,113.792290,22.685005,0.000000,14-3-1 13:43:12,1393652592000,26.000000,178.000000,26.000000,0.000000,EFY0267,14-3-1 13:43:12,1393652592000,EFY0268,2,0,7,151.0
01,,BD5835,B6364,B6364,2,0,113.792305,22.684107,0.000000,14-3-1 13:43:22,1393652602000,36.000000,179.000000,36.000000,0.000000,EFY0268,14-3-1 13:43:22,1393652602000,EFY0598,2,7,7,51.0
02,,BD5835,B6364,B6364,2,0,113.792305,22.684107,0.000000,14-3-1 13:43:22,1393652602000,36.000000,179.000000,36.000000,0.000000,EFY0267,14-3-1 13:43:22,1393652602000,EFY0268,2,0,7,51.0
02,,BD5835,B6364,B6364,2,0,113.792336,22.683186,0.000000,14-3-1 13:43:32,1393652612000,34.000000,179.000000,34.000000,0.000000,EFY0268,14-3-1 13:43:32,1393652612000,EFY0598,2,0,7,52.0
00,,BD5835,B6364,B6364,2,0,113.792419,22.681705,0.000000,14-3-1 13:43:52,1393652632000,30.000000,178.000000,30.000000,0.000000,2,0,7,217.0
00,,BD5835,B6364,B6364,2,0,113.792419,22.680813,0.000000,14-3-1 13:44:2,1393652642000,37.000000,179.000000,37.000000,0.000000,2,0,8,169.0
01,,BD5835,B6364,B6364,2,0,113.792450,22.679855,0.000000,14-3-1 13:44:12,1393652652000,36.000000,181.000000,36.000000,0.000000,EFY0598,14-3-1 13:44:12,1393652652000,EFY0208,2,8,8,62.0
01,,BD5835,B6364,B6364,2,0,113.792290,22.678202,0.000000,14-3-1 13:44:37,1393652677000,21.000000,255.000000,21.000000,0.000000,EFY0208,14-3-1 13:44:37,1393652677000,EFY0209,2,9,9,93.0
02,,BD5835,B6364,B6364,2,0,113.792290,22.678202,0.000000,14-3-1 13:44:37,1393652677000,21.000000,255.000000,21.000000,0.000000,EFY0598,14-3-1 13:44:37,1393652677000,EFY0208,2,0,9,93.0
02,,BD5835,B6364,B6364,2,0,113.790382,22.678053,0.000000,14-3-1 13:44:57,1393652697000,42.000000,268.000000,42.000000,0.000000,EFY0208,14-3-1 13:44:57,1393652697000,EFY0209,2,0,8,247.0
00,,BD5835,B6364,B6364,2,0,113.788994,22.677860,0.000000,14-3-1 13:45:27,1393652727000,16.000000,79.000000,16.000000,0.000000,2,0,8,382.0
00,,BD5835,B6364,B6364,2,0,113.789665,22.677893,0.000000,14-3-1 13:45:37,1393652737000,26.000000,88.000000,26.000000,0.000000,2,0,8,319.0
00,,BD5835,B6364,B6364,2,0,113.790611,22.677912,0.000000,14-3-1 13:45:47,1393652747000,36.000000,88.000000,36.000000,0.000000,2,0,8,238.0
00,,BD5835,B6364,B6364,2,0,113.791756,22.677942,0.000000,14-3-1 13:45:57,1393652757000,42.000000,89.000000,42.000000,0.000000,2,0,9,143.0
00,,BD5835,B6364,B6364,2,0,113.792824,22.677929,0.000000,14-3-1 13:46:7,1393652767000,34.000000,91.000000,34.000000,0.000000,2,9,9,33.0
00,,BD5835,B6364,B6364,2,0,113.793709,22.677952,0.000000,14-3-1 13:46:37,1393652797000,21.000000,88.000000,21.000000,0.000000,2,0,9,58.0
00,,BD5835,B6364,B6364,2,0,113.794479,22.678022,0.000000,14-3-1 13:46:47,1393652807000,20.000000,89.000000,20.000000,0.000000,2,0,9,137.0
00,,BD5835,B6364,B6364,2,0,113.795265,22.678022,0.000000,14-3-1 13:46:57,1393652817000,30.000000,90.000000,30.000000,0.000000,2,0,9,218.0
00,,BD5835,B6364,B6364,2,0,113.796143,22.678013,0.000000,14-3-1 13:47:7,1393652827000,31.000000,90.000000,31.000000,0.000000,2,0,10,137.0
00,,BD5835,B6364,B6364,2,0,113.796875,22.678020,0.000000,14-3-1 13:47:17,1393652837000,25.000000,88.000000,25.000000,0.000000,2,0,10,64.0
01,,BD5835,B6364,B6364,2,0,113.797554,22.677996,0.000000,14-3-1 13:47:27,1393652847000,20.000000,94.000000,20.000000,0.000000,EFY0209,14-3-1 13:47:27,1393652847000,EFY0210,2,10,10,22.0
02,,BD5835,B6364,B6364,2,0,113.798973,22.678057,0.000000,14-3-1 13:47:47,1393652867000,34.000000,88.000000,34.000000,0.000000,EFY0209,14-3-1 13:47:47,1393652867000,EFY0210,2,0,10,158.0
00,,BD5835,B6364,B6364,2,0,113.800606,22.678068,0.000000,14-3-1 13:49:7,1393652947000,15.000000,88.000000,15.000000,0.000000,2,0,10,325.0
00,,BD5835,B6364,B6364,2,0,113.801155,22.678123,0.000000,14-3-1 13:49:17,1393652957000,25.000000,82.000000,25.000000,0.000000,2,0,11,307.0
00,,BD5835,B6364,B6364,2,0,113.802002,22.678226,0.000000,14-3-1 13:49:27,1393652967000,32.000000,83.000000,32.000000,0.000000,2,0,11,220.0
00,,BD5835,B6364,B6364,2,0,113.802879,22.678331,0.000000,14-3-1 13:49:37,1393652977000,34.000000,79.000000,34.000000,0.000000,2,0,11,129.0
00,,BD5835,B6364,B6364,2,0,113.803795,22.678436,0.000000,14-3-1 13:49:47,1393652987000,32.000000,84.000000,32.000000,0.000000,2,0,11,37.0
00,,BD5835,B6364,B6364,2,0,113.804451,22.678442,0.000000,14-3-1 13:49:57,1393652997000,17.000000,82.000000,17.000000,0.000000,2,11,11,35.0
01,,BD5835,B6364,B6364,2,0,113.805016,22.678495,0.000000,14-3-1 13:50:7,1393653007000,22.000000,80.000000,22.000000,0.000000,EFY0210,14-3-1 13:50:7,1393653007000,EFY0191,2,0,11,92.0
02,,BD5835,B6364,B6364,2,0,113.806541,22.678686,0.000000,14-3-1 13:50:27,1393653027000,32.000000,81.000000,32.000000,0.000000,EFY0210,14-3-1 13:50:27,1393653027000,EFY0191,2,0,11,250.0
00,,BD5835,B6364,B6364,2,0,113.807869,22.678951,0.000000,14-3-1 13:52:7,1393653127000,20.000000,81.000000,20.000000,0.000000,2,0,12,125.0
01,,BD5835,B6364,B6364,2,0,113.808670,22.679035,0.000000,14-3-1 13:52:17,1393653137000,30.000000,86.000000,30.000000,0.000000,EFY0191,14-3-1 13:52:17,1393653137000,EFY0192,2,12,12,43.0
02,,BD5835,B6364,B6364,2,0,113.809715,22.679115,0.000000,14-3-1 13:52:37,1393653157000,18.000000,89.000000,18.000000,0.000000,EFY0191,14-3-1 13:52:37,1393653157000,EFY0192,2,0,12,67.0
00,,BD5835,B6364,B6364,2,0,113.811417,22.679213,0.000000,14-3-1 13:52:57,1393653177000,38.000000,85.000000,38.000000,0.000000,2,0,12,241.0
00,,BD5835,B6364,B6364,2,0,113.812416,22.679279,0.000000,14-3-1 13:53:7,1393653187000,32.000000,84.000000,32.000000,0.000000,2,0,13,252.0
00,,BD5835,B6364,B6364,2,0,113.813133,22.679071,0.000000,14-3-1 13:53:17,1393653197000,22.000000,126.000000,22.000000,0.000000,2,0,13,190.0
00,,BD5835,B6364,B6364,2,0,113.813499,22.678520,0.000000,14-3-1 13:53:27,1393653207000,24.000000,143.000000,24.000000,0.000000,2,0,13,118.0
01,,BD5835,B6364,B6364,2,0,113.813850,22.677986,0.000000,14-3-1 13:53:37,1393653217000,29.000000,148.000000,29.000000,0.000000,EFY0192,14-3-1 13:53:37,1393653217000,EFY0193,2,0,13,48.0
02,,BD5835,B6364,B6364,2,0,113.814415,22.677404,0.000000,14-3-1 13:53:47,1393653227000,35.000000,143.000000,35.000000,0.000000,EFY0192,14-3-1 13:53:47,1393653227000,EFY0193,2,13,13,43.0
00,,BD5835,B6364,B6364,2,0,113.815529,22.676092,0.000000,14-3-1 13:54:7,1393653247000,23.000000,140.000000,23.000000,0.000000,2,0,14,102.0
01,,BD5835,B6364,B6364,2,0,113.815750,22.675661,0.000000,14-3-1 13:54:17,1393653257000,13.000000,151.000000,13.000000,0.000000,EFY0193,14-3-1 13:54:17,1393653257000,EFY0194,2,0,14,49.0
00,,BD5835,B6364,B6364,2,0,113.815887,22.675371,0.000000,14-3-1 13:54:47,1393653287000,14.000000,143.000000,14.000000,0.000000,2,14,14,14.0
00,,BD5835,B6364,B6364,2,0,113.816093,22.675173,0.000000,14-3-1 13:55:17,1393653317000,19.000000,142.000000,19.000000,0.000000,2,0,14,22.0
01,,BD5835,B6364,B6364,2,0,113.816566,22.674686,0.000000,14-3-1 13:55:27,1393653327000,25.000000,131.000000,25.000000,0.000000,EFY0194,14-3-1 13:55:27,1393653327000,EFY0060,2,0,15,54.0
02,,BD5835,B6364,B6364,2,0,113.816566,22.674686,0.000000,14-3-1 13:55:27,1393653327000,25.000000,131.000000,25.000000,0.000000,EFY0193,14-3-1 13:55:27,1393653327000,EFY0194,2,0,15,54.0
00,,BD5835,B6364,B6364,2,0,113.817093,22.673903,0.000000,14-3-1 13:56:2,1393653362000,14.000000,122.000000,14.000000,0.000000,2,15,15,52.0
02,,BD5835,B6364,B6364,2,0,113.817390,22.673512,0.000000,14-3-1 13:56:12,1393653372000,24.000000,145.000000,24.000000,0.000000,EFY0194,14-3-1 13:56:12,1393653372000,EFY0060,2,0,15,105.0
00,,BD5835,B6364,B6364,2,0,113.818420,22.673836,0.000000,14-3-1 13:56:32,1393653392000,26.000000,54.000000,26.000000,0.000000,2,0,15,180.0
00,,BD5835,B6364,B6364,2,0,113.818977,22.674215,0.000000,14-3-1 13:56:42,1393653402000,21.000000,53.000000,21.000000,0.000000,2,0,16,166.0
00,,BD5835,B6364,B6364,2,0,113.819412,22.674540,0.000000,14-3-1 13:56:52,1393653412000,27.000000,49.000000,27.000000,0.000000,2,0,16,109.0
01,,BD5835,B6364,B6364,2,0,113.820053,22.674927,0.000000,14-3-1 13:57:2,1393653422000,26.000000,55.000000,26.000000,0.000000,EFY0060,14-3-1 13:57:2,1393653422000,EFY0097,2,16,16,32.0
02,,BD5835,B6364,B6364,2,0,113.821274,22.675713,0.000000,14-3-1 13:57:42,1393653462000,12.000000,48.000000,12.000000,0.000000,EFY0060,14-3-1 13:57:42,1393653462000,EFY0097,2,0,16,124.0
01,,BD5835,B6364,B6364,2,0,113.822266,22.676376,0.000000,14-3-1 13:59:22,1393653562000,7.000000,53.000000,7.000000,0.000000,EFY0097,14-3-1 13:59:22,1393653562000,2,17,17,7.0
